{
  "width": 1280,
  "height": 720,
  "camera_model": "PINHOLE",
  "intrinsics_path": "K.npy",
  "pose_convention": "world_to_camera",
  "depth_convention": "z_depth_m",
  "frames": [
    {
      "frame_id": 0,
      "image_name": "frame_000000.png",
      "R": [
        [
          0.6332412009863363,
          -0.77395450859426,
          0.0
        ],
        [
          -0.335615221367146,
          -0.2745967411364245,
          -0.9010877054670855
        ],
        [
          0.6974008922851074,
          0.5706058608039993,
          -0.43363688387412685
        ]
      ],
      "t": [
        [
          0.02275124594867539
        ],
        [
          0.45662389087188177
        ],
        [
          0.942128866582742
        ]
      ],
      "depth_z_path": "gt/depth_z/frame_000000.npy"
    },
    {
      "frame_id": 1,
      "image_name": "frame_000001.png",
      "R": [
        [
          0.6451888792672502,
          -0.7640231083349963,
          0.0
        ],
        [
          -0.3307978322596534,
          -0.27934637098183374,
          -0.9014091186534525
        ],
        [
          0.6886973967151203,
          0.5815791390253008,
          -0.43296836005464195
        ]
      ],
      "t": [
        [
          0.02344129069610673
        ],
        [
          0.4572411923293585
        ],
        [
          0.9419594072852546
        ]
      ],
      "depth_z_path": "gt/depth_z/frame_000001.npy"
    },
    {
      "frame_id": 2,
      "image_name": "frame_000002.png",
      "R": [
        [
          0.6569399428996675,
          -0.753942909922881,
          0.0
        ],
        [
          -0.3259151240758918,
          -0.2839825936189981,
          -0.9017389968388986
        ],
        [
          0.6798597232676589,
          0.5923883650937495,
          -0.4322809058702187
        ]
      ],
      "t": [
        [
          0.024097005055460363
        ],
        [
          0.45787116125496824
        ],
        [
          0.9417943583441797
        ]
      ],
      "depth_z_path": "gt/depth_z/frame_000002.npy"
    },
    {
      "frame_id": 3,
      "image_name": "frame_000003.png",
      "R": [
        [
          0.6684923920172232,
          -0.7437189804052947,
          0.0
        ],
        [
          -0.3209708481365876,
          -0.28850489995790457,
          -0.9020768466969759
        ],
        [
          0.6708916726726982,
          0.6030315090318153,
          -0.43157544259751496
        ]
      ],
      "t": [
        [
          0.024717675413499562
        ],
        [
          0.4585128330823528
        ],
        [
          0.9416341831617332
        ]
      ],
      "depth_z_path": "gt/depth_z/frame_000003.npy"
    },
    {
      "frame_id": 4,
      "image_name": "frame_000004.png",
      "R": [
        [
          0.6798444356993332,
          -0.7333563548839371,
          0.0
        ],
        [
          -0.315968716148783,
          -0.2929129502979605,
          -0.9024221705848291
        ],
        [
          0.6617970335865407,
          0.6135066913238105,
          -0.43085290533657267
        ]
      ],
      "t": [
        [
          0.02530264609770011
        ],
        [
          0.45916523749552796
        ],
        [
          0.9414793417844328
        ]
      ],
      "depth_z_path": "gt/depth_z/frame_000004.npy"
    },
    {
      "frame_id": 5,
      "image_name": "frame_000005.png",
      "R": [
        [
          0.6909944872480833,
          -0.7228600269711685,
          0.0
        ],
        [
          -0.31091239180752694,
          -0.2972065693773467,
          -0.9027744678154513
        ],
        [
          0.6525795761539595,
          0.623812180488799,
          -0.430114240941321
        ]
      ],
      "t": [
        [
          0.025851319490688196
        ],
        [
          0.4598274008620191
        ],
        [
          0.9413302893987759
        ]
      ],
      "depth_z_path": "gt/depth_z/frame_000005.npy"
    },
    {
      "frame_id": 6,
      "image_name": "frame_000006.png",
      "R": [
        [
          0.7019411589428556,
          -0.7122349397368545,
          0.0
        ],
        [
          -0.30580548288157766,
          -0.30138574098075355,
          -0.9031332358921619
        ],
        [
          0.6432430458400042,
          0.6339463902819554,
          -0.4293604059842415
        ]
      ],
      "t": [
        [
          0.02636315600324579
        ],
        [
          0.4604983485832036
        ],
        [
          0.9411874748783569
        ]
      ],
      "depth_z_path": "gt/depth_z/frame_000006.npy"
    },
    {
      "frame_id": 7,
      "image_name": "frame_000007.png",
      "R": [
        [
          0.7126832563186478,
          -0.7014859771677896,
          0.0
        ],
        [
          -0.30065153380174414,
          -0.305450602151911,
          -0.9034979717009296
        ],
        [
          0.6337911575477424,
          0.643907876549112,
          -0.4285923647620268
        ]
      ],
      "t": [
        [
          0.02683767391298697
        ],
        [
          0.46117710735390005
        ],
        [
          0.9410513393881721
        ]
      ],
      "depth_z_path": "gt/depth_z/frame_000007.npy"
    },
    {
      "frame_id": 8,
      "image_name": "frame_000008.png",
      "R": [
        [
          0.72321977201459,
          -0.6906179561575013,
          0.0
        ],
        [
          -0.29545401876614125,
          -0.309401437057498,
          -0.9038681726566612
        ],
        [
          0.6242275900359588,
          0.6536953337599946,
          -0.42781108734850265
        ]
      ],
      "t": [
        [
          0.027274449076172824
        ],
        [
          0.46186270732426615
        ],
        [
          0.9409223150512771
        ]
      ],
      "depth_z_path": "gt/depth_z/frame_000008.npy"
    },
    {
      "frame_id": 9,
      "image_name": "frame_000009.png",
      "R": [
        [
          0.7335498792393151,
          -0.6796356190400752,
          0.0
        ],
        [
          -0.29021633537242064,
          -0.31323867054878807,
          -0.9042433378000805
        ],
        [
          0.6145559806486215,
          0.6633075912462043,
          -0.42701754770052425
        ]
      ],
      "t": [
        [
          0.027673114520419873
        ],
        [
          0.4625541841581099
        ],
        [
          0.9408008236823666
        ]
      ],
      "depth_z_path": "gt/depth_z/frame_000009.npy"
    },
    {
      "frame_id": 10,
      "image_name": "frame_000010.png",
      "R": [
        [
          0.7436729248996026,
          -0.6685436266776239,
          0.0
        ],
        [
          -0.28494179878300135,
          -0.3169628614667654,
          -0.9046229688423281
        ],
        [
          0.6047799203657291,
          0.672743609170336,
          -0.4262127218219704
        ]
      ],
      "t": [
        [
          0.02803335992625472
        ],
        [
          0.4632505809827367
        ],
        [
          0.9406872755922416
        ]
      ],
      "depth_z_path": "gt/depth_z/frame_000010.npy"
    },
    {
      "frame_id": 11,
      "image_name": "frame_000011.png",
      "R": [
        [
          0.7535884224381285,
          -0.6573465521071915,
          0.0
        ],
        [
          -0.27963363642550043,
          -0.3205746957354804,
          -0.9050065711549035
        ],
        [
          0.5949029491830274,
          0.6820024742527636,
          -0.42539758599038235
        ]
      ],
      "t": [
        [
          0.0283549310056041
        ],
        [
          0.46395095022644905
        ],
        [
          0.9405820684665289
        ]
      ],
      "depth_z_path": "gt/depth_z/frame_000011.npy"
    },
    {
      "frame_id": 12,
      "image_name": "frame_000012.png",
      "R": [
        [
          0.7632960444252508,
          -0.6460488747492449,
          0.0
        ],
        [
          -0.2742949832269677,
          -0.32407497928712964,
          -0.9053936547030601
        ],
        [
          0.5849285518260183,
          0.6910833952825671,
          -0.4245731150502067
        ]
      ],
      "t": [
        [
          0.028637628785360136
        ],
        [
          0.46465435534079214
        ],
        [
          0.9404855863214212
        ]
      ],
      "depth_z_path": "gt/depth_z/frame_000012.npy"
    },
    {
      "frame_id": 13,
      "image_name": "frame_000013.png",
      "R": [
        [
          0.7727956149485551,
          -0.6346549751765006,
          0.0
        ],
        [
          -0.2689288773771946,
          -0.32746463086078537,
          -0.9057837349212291
        ],
        [
          0.5748601538017106,
          0.6999856984388503,
          -0.42374028077602977
        ]
      ],
      "t": [
        [
          0.028881308804153683
        ],
        [
          0.46535987240555465
        ],
        [
          0.940398198538626
        ]
      ],
      "depth_z_path": "gt/depth_z/frame_000013.npy"
    },
    {
      "frame_id": 14,
      "image_name": "frame_000014.png",
      "R": [
        [
          0.7820871018424435,
          -0.6231691304386695,
          0.0
        ],
        [
          -0.26353825661329294,
          -0.33074467471489294,
          -0.9061763335294991
        ],
        [
          0.5647011177896797,
          0.7087088224482972,
          -0.42290005030862093
        ]
      ],
      "t": [
        [
          0.02908588023039732
        ],
        [
          0.4660665916154315
        ],
        [
          0.9403202589811359
        ]
      ],
      "depth_z_path": "gt/depth_z/frame_000014.npy"
    },
    {
      "frame_id": 15,
      "image_name": "frame_000015.png",
      "R": [
        [
          0.7911706087983701,
          -0.6115955099357879,
          0.0
        ],
        [
          -0.2581259550149605,
          -0.33391623329165454,
          -0.9065709792906058
        ],
        [
          0.5544547403722246,
          0.7172523136042831,
          -0.42205338466605385
        ]
      ],
      "t": [
        [
          0.02925130490952882
        ],
        [
          0.4667736186480711
        ],
        [
          0.9402521051908919
        ]
      ],
      "depth_z_path": "gt/depth_z/frame_000015.npy"
    },
    {
      "frame_id": 16,
      "image_name": "frame_000016.png",
      "R": [
        [
          0.8000463673944705,
          -0.5999381718301577,
          0.0
        ],
        [
          -0.2526947002973459,
          -0.3369805198692367,
          -0.9069672087072903
        ],
        [
          0.5441242491017528,
          0.7256158206721702,
          -0.4212012373316423
        ]
      ],
      "t": [
        [
          0.029377596348211965
        ],
        [
          0.46748007591402074
        ],
        [
          0.9401940576688766
        ]
      ],
      "depth_z_path": "gt/depth_z/frame_000016.npy"
    },
    {
      "frame_id": 17,
      "image_name": "frame_000017.png",
      "R": [
        [
          0.8087147290813114,
          -0.5882010599845441,
          0.0
        ],
        [
          -0.2472471115862224,
          -0.3399388312354328,
          -0.9073645666602581
        ],
        [
          0.5337127999019803,
          0.7337990897046321,
          -0.42034455291991346
        ]
      ],
      "t": [
        [
          0.029464818643018864
        ],
        [
          0.4681851036897928
        ],
        [
          0.9401464192376867
        ]
      ],
      "depth_z_path": "gt/depth_z/frame_000017.npy"
    },
    {
      "frame_id": 18,
      "image_name": "frame_000018.png",
      "R": [
        [
          0.8171761571583562,
          -0.5763880014121575,
          0.0
        ],
        [
          -0.24178569765825858,
          -0.3427925404140108,
          -0.9077626069873214
        ],
        [
          0.523223474798112,
          0.7418019587899506,
          -0.41948426592135973
        ]
      ],
      "t": [
        [
          0.02951308536086633
        ],
        [
          0.46888786113593217
        ],
        [
          0.9401094744861482
        ]
      ],
      "depth_z_path": "gt/depth_z/frame_000018.npy"
    },
    {
      "frame_id": 19,
      "image_name": "frame_000019.png",
      "R": [
        [
          0.8254312187735042,
          -0.5645027042221211,
          0.0
        ],
        [
          -0.23631285562754376,
          -0.34554308947249646,
          -0.9081608930046251
        ],
        [
          0.5126592799698872,
          0.7496243527552415,
          -0.41862129952624483
        ]
      ],
      "t": [
        [
          0.02952255837816914
        ],
        [
          0.46958752720256325
        ],
        [
          0.940083489295112
        ]
      ],
      "depth_z_path": "gt/depth_z/frame_000019.npy"
    },
    {
      "frame_id": 20,
      "image_name": "frame_000020.png",
      "R": [
        [
          0.8334805769757657,
          -0.5525487560425276,
          0.0
        ],
        [
          -0.2308308700581678,
          -0.34819198243764016,
          -0.9085589979711475
        ],
        [
          0.5020231441202029,
          0.7572662778455155,
          -0.41775656452731497
        ]
      ],
      "t": [
        [
          0.029493446685356806
        ],
        [
          0.47028330142542385
        ],
        [
          0.9400687104431509
        ]
      ],
      "depth_z_path": "gt/depth_z/frame_000020.npy"
    },
    {
      "frame_id": 21,
      "image_name": "frame_000021.png",
      "R": [
        [
          0.841324982848812,
          -0.5405296229018779,
          0.0
        ],
        [
          -0.22534191248156563,
          -0.35074077834229467,
          -0.908956505497921
        ],
        [
          0.49131791715099987,
          0.7647278163983543,
          -0.41689095830085865
        ]
      ],
      "t": [
        [
          0.029426005163046554
        ],
        [
          0.47097440461585915
        ],
        [
          0.9400653652905038
        ]
      ],
      "depth_z_path": "gt/depth_z/frame_000021.npy"
    },
    {
      "frame_id": 22,
      "image_name": "frame_000022.png",
      "R": [
        [
          0.8489652677507767,
          -0.5284486485486097,
          0.0
        ],
        [
          -0.21984804129650512,
          -0.35319108442492836,
          -0.909353009903653
        ],
        [
          0.480546369137196,
          0.7720091215328296,
          -0.4160253638651936
        ]
      ],
      "t": [
        [
          0.02932053333579987
        ],
        [
          0.47166007944866156
        ],
        [
          0.9400736615392792
        ]
      ],
      "depth_z_path": "gt/depth_z/frame_000022.npy"
    },
    {
      "frame_id": 23,
      "image_name": "frame_000023.png",
      "R": [
        [
          0.856402335683371,
          -0.5163090541875734,
          0.0
        ],
        [
          -0.2143512020289972,
          -0.35554454950054126,
          -0.9097481165186225
        ],
        [
          0.4697111895886564,
          0.779110411870096,
          -0.4151606490153165
        ]
      ],
      "t": [
        [
          0.02917737410901211
        ],
        [
          0.47233959095198297
        ],
        [
          0.9400937870676127
        ]
      ],
      "depth_z_path": "gt/depth_z/frame_000023.npy"
    },
    {
      "frame_id": 24,
      "image_name": "frame_000024.png",
      "R": [
        [
          0.8636371558110506,
          -0.5041139386116984,
          0.0
        ],
        [
          -0.2088532279290428,
          -0.3578028575193415,
          -0.9101414419388962
        ],
        [
          0.45881498698954737,
          0.7860319663018767,
          -0.41429766553214714
        ]
      ],
      "t": [
        [
          0.028996912494091975
        ],
        [
          0.4730122269038369
        ],
        [
          0.9401259098352104
        ]
      ],
      "depth_z_path": "gt/depth_z/frame_000024.npy"
    },
    {
      "frame_id": 25,
      "image_name": "frame_000025.png",
      "R": [
        [
          0.8706707551487279,
          -0.49186627870666627,
          0.0
        ],
        [
          -0.2033558408809668,
          -0.35996772132721583,
          -0.9105326142330581
        ],
        [
          0.44786028860386673,
          0.792774118821842,
          -0.41343724846451996
        ]
      ],
      "t": [
        [
          0.028779574326698754
        ],
        [
          0.4736772981399421
        ],
        [
          0.9401701778574609
        ]
      ],
      "depth_z_path": "gt/depth_z/frame_000025.npy"
    },
    {
      "frame_id": 26,
      "image_name": "frame_000026.png",
      "R": [
        [
          0.8775042114343278,
          -0.4795689303061852,
          0.0
        ],
        [
          -0.19786065260411903,
          -0.3620408766397927,
          -0.9109212731037533
        ],
        [
          0.4368495405355153,
          0.7993372534336628,
          -0.41258021548183504
        ]
      ],
      "t": [
        [
          0.028525824982407688
        ],
        [
          0.47433413877783537
        ],
        [
          0.940226719245099
        ]
      ],
      "depth_z_path": "gt/depth_z/frame_000026.npy"
    },
    {
      "frame_id": 27,
      "image_name": "frame_000027.png",
      "R": [
        [
          0.8841386462003629,
          -0.46722462937541015,
          0.0
        ],
        [
          -0.19236916612092503,
          -0.36402407623975874,
          -0.9113070700064443
        ],
        [
          0.4257851080309519,
          0.805721799148317,
          -0.4117273662950639
        ]
      ],
      "t": [
        [
          0.028236168093784764
        ],
        [
          0.47498210636231736
        ],
        [
          0.9402956423062245
        ]
      ],
      "depth_z_path": "gt/depth_z/frame_000027.npy"
    },
    {
      "frame_id": 28,
      "image_name": "frame_000028.png",
      "R": [
        [
          0.8905752180566884,
          -0.45483599350016496,
          0.0
        ],
        [
          -0.1868827774696278,
          -0.36591908440507576,
          -0.9116896682278398
        ],
        [
          0.41466927601224524,
          0.8119282250820382,
          -0.41087948214362247
        ]
      ],
      "t": [
        [
          0.027911144272463273
        ],
        [
          0.47562058193737333
        ],
        [
          0.9403770357073333
        ]
      ],
      "depth_z_path": "gt/depth_z/frame_000028.npy"
    },
    {
      "frame_id": 29,
      "image_name": "frame_000029.png",
      "R": [
        [
          0.896815116194654,
          -0.44240552365987595,
          0.0
        ],
        [
          -0.18140277763955645,
          -0.36772767157384056,
          -0.9120687429265052
        ],
        [
          0.4035042498282053,
          0.8179570356651458,
          -0.4100373253454674
        ]
      ],
      "t": [
        [
          0.02755132983943892
        ],
        [
          0.4762489700497611
        ],
        [
          0.9404709686899102
        ]
      ],
      "depth_z_path": "gt/depth_z/frame_000029.npy"
    },
    {
      "frame_id": 30,
      "image_name": "frame_000030.png",
      "R": [
        [
          0.9028595541210618,
          -0.4299356062625165,
          0.0
        ],
        [
          -0.1759303547073738,
          -0.3694516092497643,
          -0.9124439811381833
        ],
        [
          0.392292156211229,
          0.8238087659708666,
          -0.4092016389076452
        ]
      ],
      "t": [
        [
          0.027157335566430685
        ],
        [
          0.4768666986894535
        ],
        [
          0.9405774913390303
        ]
      ],
      "depth_z_path": "gt/depth_z/frame_000030.npy"
    },
    {
      "frame_id": 31,
      "image_name": "frame_000031.png",
      "R": [
        [
          0.9087097636286063,
          -0.4174285154203561,
          0.0
        ],
        [
          -0.17046659615347604,
          -0.3710926651506001,
          -0.9128150817483639
        ],
        [
          0.3810350444275305,
          0.8294839771721827,
          -0.4083731461944182
        ]
      ],
      "t": [
        [
          0.026729805430798892
        ],
        [
          0.47747321917210017
        ],
        [
          0.9406966349003668
        ]
      ],
      "depth_z_path": "gt/depth_z/frame_000031.npy"
    },
    {
      "frame_id": 32,
      "image_name": "frame_000032.png",
      "R": [
        [
          0.9143669890078964,
          -0.40488641544590426,
          0.0
        ],
        [
          -0.1650124913385199,
          -0.37265259860034233,
          -0.9131817554346271
        ],
        [
          0.36973488760852463,
          0.8349832521337053,
          -0.40755255065001494
        ]
      ],
      "t": [
        [
          0.026269415386173695
        ],
        [
          0.47806800596860377
        ],
        [
          0.9408284121419586
        ]
      ],
      "depth_z_path": "gt/depth_z/frame_000032.npy"
    },
    {
      "frame_id": 33,
      "image_name": "frame_000033.png",
      "R": [
        [
          0.919832481504653,
          -0.3923113635481289,
          0.0
        ],
        [
          -0.15956893412093895,
          -0.37413315616464204,
          -0.9135437245812545
        ],
        [
          0.3583935842513083,
          0.8403071911445786,
          -0.40674053557299766
        ]
      ],
      "t": [
        [
          0.025776872150614222
        ],
        [
          0.47865055648681687
        ],
        [
          0.9409728177570693
        ]
      ],
      "depth_z_path": "gt/depth_z/frame_000033.npy"
    },
    {
      "frame_id": 34,
      "image_name": "frame_000034.png",
      "R": [
        [
          0.9251074940243311,
          -0.37970531270976743,
          0.0
        ],
        [
          -0.15413672559724023,
          -0.37553606752763996,
          -0.913900723168571
        ],
        [
          0.3470129598764048,
          0.8454564077975005,
          -0.40593776393920666
        ]
      ],
      "t": [
        [
          0.02525291201381602
        ],
        [
          0.47922039081025547
        ],
        [
          0.9411298288044879
        ]
      ],
      "depth_z_path": "gt/depth_z/frame_000034.npy"
    },
    {
      "frame_id": 35,
      "image_name": "frame_000035.png",
      "R": [
        [
          0.9301932760851548,
          -0.36707011472737316,
          0.0
        ],
        [
          -0.14871657694785806,
          -0.3768630416072992,
          -0.9142524966394169
        ],
        [
          0.3355947688312181,
          0.8504315250180511,
          -0.40514487827022205
        ]
      ],
      "t": [
        [
          0.024698299664585283
        ],
        [
          0.4797770513985826
        ],
        [
          0.9412994051826272
        ]
      ],
      "depth_z_path": "gt/depth_z/frame_000035.npy"
    },
    {
      "frame_id": 36,
      "image_name": "frame_000036.png",
      "R": [
        [
          0.9350910690194307,
          -0.35440752339658116,
          0.0
        ],
        [
          -0.14330911237235183,
          -0.3781157629053337,
          -0.9145988017450963
        ],
        [
          0.3241406962279603,
          0.8552331712477125,
          -0.4043625005442937
        ]
      ],
      "t": [
        [
          0.024113827039526275
        ],
        [
          0.4803201027544667
        ],
        [
          0.9414814901338296
        ]
      ],
      "depth_z_path": "gt/depth_z/frame_000036.npy"
    },
    {
      "frame_id": 37,
      "image_name": "frame_000037.png",
      "R": [
        [
          0.9398021014219805,
          -0.34171919782597765,
          0.0
        ],
        [
          -0.13791487209877035,
          -0.37929588808696085,
          -0.9149394063730688
        ],
        [
          0.3126523600051812,
          0.8598619767831893,
          -0.40359123214670617
        ]
      ],
      "t": [
        [
          0.02350031219362722
        ],
        [
          0.48084913106125027
        ],
        [
          0.9416760107753381
        ]
      ],
      "depth_z_path": "gt/depth_z/frame_000037.npy"
    },
    {
      "frame_id": 38,
      "image_name": "frame_000038.png",
      "R": [
        [
          0.9443275848436343,
          -0.3290067058638601,
          0.0
        ],
        [
          -0.13253431545304423,
          -0.3804050427849514,
          -0.9152740893585769
        ],
        [
          0.3011313131024097,
          0.8643185702739417,
          -0.4028316538565803
        ]
      ],
      "t": [
        [
          0.022858598193193913
        ],
        [
          0.4813637437956838
        ],
        [
          0.9418828786534601
        ]
      ],
      "depth_z_path": "gt/depth_z/frame_000038.npy"
    },
    {
      "frame_id": 39,
      "image_name": "frame_000039.png",
      "R": [
        [
          0.9486687097269212,
          -0.3162715276231147,
          0.0
        ],
        [
          -0.1271678239753185,
          -0.3814448186218223,
          -0.9156026402823157
        ],
        [
          0.28957904573784515,
          0.8686035753791868,
          -0.4020843258671649
        ]
      ],
      "t": [
        [
          0.022189552031352283
        ],
        [
          0.4818635693197898
        ],
        [
          0.9421019903175336
        ]
      ],
      "depth_z_path": "gt/depth_z/frame_000039.npy"
    },
    {
      "frame_id": 40,
      "image_name": "frame_000040.png",
      "R": [
        [
          0.952826641580397,
          -0.30351505909035503,
          0.0
        ],
        [
          -0.12181570457116506,
          -0.38241677044347155,
          -0.9159248592561596
        ],
        [
          0.2779969877794584,
          0.8727176075850444,
          -0.40134978783672504
        ]
      ],
      "t": [
        [
          0.021494063566142252
        ],
        [
          0.4823482564557289
        ],
        [
          0.9423332279103931
        ]
      ],
      "depth_z_path": "gt/depth_z/frame_000040.npy"
    },
    {
      "frame_id": 41,
      "image_name": "frame_000041.png",
      "R": [
        [
          0.9568025173874551,
          -0.29073861580641214,
          0.0
        ],
        [
          -0.11647819268664474,
          -0.3833224137571368,
          -0.9162405566988702
        ],
        [
          0.26638651120032597,
          0.8766612711819624,
          -0.40062855896721183
        ]
      ],
      "t": [
        [
          0.02077304448103251
        ],
        [
          0.48281747404733544
        ],
        [
          0.9425764597721367
        ]
      ],
      "depth_z_path": "gt/depth_z/frame_000041.npy"
    },
    {
      "frame_id": 42,
      "image_name": "frame_000042.png",
      "R": [
        [
          0.9605974422449541,
          -0.2779434366061768,
          0.0
        ],
        [
          -0.11115545549718281,
          -0.3841632223662076,
          -0.9165495531036091
        ],
        [
          0.2547489326094727,
          0.8804351564020827,
          -0.39992113810797053
        ]
      ],
      "t": [
        [
          0.02002742726751794
        ],
        [
          0.48327091051178805
        ],
        [
          0.9428315410540973
        ]
      ],
      "depth_z_path": "gt/depth_z/frame_000042.npy"
    },
    {
      "frame_id": 43,
      "image_name": "frame_000043.png",
      "R": [
        [
          0.9642124862265816,
          -0.26513068740670925,
          0.0
        ],
        [
          -0.10584759510119937,
          -0.3849406261941798,
          -0.9168516787989895
        ],
        [
          0.24308551584997148,
          0.8840398367157889,
          -0.39922800388183527
        ]
      ],
      "t": [
        [
          0.01925816422930468
        ],
        [
          0.48370827338467776
        ],
        [
          0.9430983143400398
        ]
      ],
      "depth_z_path": "gt/depth_z/frame_000043.npy"
    },
    {
      "frame_id": 44,
      "image_name": "frame_000044.png",
      "R": [
        [
          0.9676486814655382,
          -0.25230146503341083,
          0.0
        ],
        [
          -0.1005546517103752,
          -0.3856560092898624,
          -0.9171467737052902
        ],
        [
          0.23139747465651084,
          0.8874758662862964,
          -0.3985496148310487
        ]
      ],
      "t": [
        [
          0.018466226507449224
        ],
        [
          0.48412928886152773
        ],
        [
          0.9433766102717174
        ]
      ],
      "depth_z_path": "gt/depth_z/frame_000044.npy"
    },
    {
      "frame_id": 45,
      "image_name": "frame_000045.png",
      "R": [
        [
          0.9709070194508664,
          -0.23945680107492215,
          0.0
        ],
        [
          -0.09527660682934382,
          -0.38631070800585465,
          -0.9174346870873709
        ],
        [
          0.219685975365114,
          0.8907437775808376,
          -0.39788640958054605
        ]
      ],
      "t": [
        [
          0.017652603125693306
        ],
        [
          0.48453370133862445
        ],
        [
          0.9436662481760513
        ]
      ],
      "depth_z_path": "gt/depth_z/frame_000045.npy"
    },
    {
      "frame_id": 46,
      "image_name": "frame_000046.png",
      "R": [
        [
          0.9739884485315619,
          -0.22659766575823614,
          0.0
        ],
        [
          -0.09001338641846707,
          -0.38690600934227887,
          -0.9177152773057187
        ],
        [
          0.20795213966814824,
          0.8938440791367089,
          -0.3972388070162429
        ]
      ],
      "t": [
        [
          0.01681830005512519
        ],
        [
          0.48492127295581094
        ],
        [
          0.9439670366913149
        ]
      ],
      "depth_z_path": "gt/depth_z/frame_000046.npy"
    },
    {
      "frame_id": 47,
      "image_name": "frame_000047.png",
      "R": [
        [
          0.9768938716224825,
          -0.21372497183632225,
          0.0
        ],
        [
          -0.08476486403418179,
          -0.3874431494477913,
          -0.9179884115669671
        ],
        [
          0.19619704740822022,
          0.8967772534802273,
          -0.39660720647607606
        ]
      ],
      "t": [
        [
          0.01596433929720059
        ],
        [
          0.48529178314371013
        ],
        [
          0.944278774389833
        ]
      ],
      "depth_z_path": "gt/depth_z/frame_000047.npy"
    },
    {
      "frame_id": 48,
      "image_name": "frame_000048.png",
      "R": [
        [
          0.9796241441060173,
          -0.2008395784813171,
          0.0
        ],
        [
          -0.07953086394218832,
          -0.3879233122699761,
          -0.9182539656751284
        ],
        [
          0.1844217394049906,
          0.8995437551964538,
          -0.3959919879516507
        ]
      ],
      "t": [
        [
          0.015091757984073473
        ],
        [
          0.4856450281776455
        ],
        [
          0.9446012503948401
        ]
      ],
      "depth_z_path": "gt/depth_z/frame_000048.npy"
    },
    {
      "frame_id": 49,
      "image_name": "frame_000049.png",
      "R": [
        [
          0.9821800719234609,
          -0.1879422951770707,
          0.0
        ],
        [
          -0.07431116419949614,
          -0.3883476283473725,
          -0.918511823784695
        ],
        [
          0.1726272203093727,
          0.902144009147401,
          -0.39539351229846126
        ]
      ],
      "t": [
        [
          0.014201607495111013
        ],
        [
          0.48598082074034954
        ],
        [
          0.9449342449892609
        ]
      ],
      "depth_z_path": "gt/depth_z/frame_000049.npy"
    },
    {
      "frame_id": 50,
      "image_name": "frame_000050.png",
      "R": [
        [
          0.9845624098500985,
          -0.17503388560552177,
          0.0
        ],
        [
          -0.06910549970203636,
          -0.38871717373556247,
          -0.9187618781566682
        ],
        [
          0.16081446147998857,
          0.9045784088363317,
          -0.3948121214527634
        ]
      ],
      "t": [
        [
          0.01329495258840778
        ],
        [
          0.48629898949537154
        ],
        [
          0.9452775302143155
        ]
      ],
      "depth_z_path": "gt/depth_z/frame_000050.npy"
    },
    {
      "frame_id": 51,
      "image_name": "frame_000051.png",
      "R": [
        [
          0.9867718599480871,
          -0.1621150715220288,
          0.0
        ],
        [
          -0.06391356519520415,
          -0.3890329690599741,
          -0.9190040289184915
        ],
        [
          0.1489844038771539,
          0.9068473149156857,
          -0.39424813865328573
        ]
      ],
      "t": [
        [
          0.01237287054606058
        ],
        [
          0.4865993786729187
        ],
        [
          0.945630870455971
        ]
      ],
      "depth_z_path": "gt/depth_z/frame_000051.npy"
    },
    {
      "frame_id": 52,
      "image_name": "frame_000052.png",
      "R": [
        [
          0.9888090701913619,
          -0.14918653661538836,
          0.0
        ],
        [
          -0.0587350182452992,
          -0.3892959786883098,
          -0.9192381838287809
        ],
        [
          0.13713796097003547,
          0.9089510538361327,
          -0.3937018686660816
        ]
      ],
      "t": [
        [
          0.011436450331923975
        ],
        [
          0.48688184766971104
        ],
        [
          0.9459940230173977
        ]
      ],
      "depth_z_path": "gt/depth_z/frame_000052.npy"
    },
    {
      "frame_id": 53,
      "image_name": "frame_000053.png",
      "R": [
        [
          0.9906746332569524,
          -0.13624893034883998,
          0.0
        ],
        [
          -0.05356948217039451,
          -0.3895071100157982,
          -0.9194642580476616
        ],
        [
          0.12527602165298365,
          0.9108899166342429,
          -0.3931735980109337
        ]
      ],
      "t": [
        [
          0.010486791760533076
        ],
        [
          0.4871462706642619
        ],
        [
          0.9463667386757026
        ]
      ],
      "depth_z_path": "gt/depth_z/frame_000053.npy"
    },
    {
      "frame_id": 54,
      "image_name": "frame_000054.png",
      "R": [
        [
          0.9923690854773143,
          -0.12330287177888065,
          0.0
        ],
        [
          -0.048416548929679525,
          -0.389667212856783,
          -0.9196821739134486
        ],
        [
          0.11339945316737216,
          0.9126641578562772,
          -0.39266359518783184
        ]
      ],
      "t": [
        [
          0.009525004675853557
        ],
        [
          0.48739253624885287
        ],
        [
          0.946748762221352
        ]
      ],
      "depth_z_path": "gt/depth_z/frame_000054.npy"
    },
    {
      "frame_id": 55,
      "image_name": "frame_000055.png",
      "R": [
        [
          0.9938929059484918,
          -0.11034895334919376,
          0.0
        ],
        [
          -0.04327578197079681,
          -0.3897770789364976,
          -0.9198918607263288
        ],
        [
          0.1015091040255927,
          0.9142739946156562,
          -0.3921721109021556
        ]
      ],
      "t": [
        [
          0.008552208138502201
        ],
        [
          0.4876205470793222
        ],
        [
          0.9471398329788022
        ]
      ],
      "depth_z_path": "gt/depth_z/frame_000055.npy"
    },
    {
      "frame_id": 56,
      "image_name": "frame_000056.png",
      "R": [
        [
          0.9952465157891978,
          -0.09738774465743709,
          0.0
        ],
        [
          -0.03814671903512025,
          -0.3898374414772284,
          -0.9200932545396386
        ],
        [
          0.0896058069341366,
          0.9157196057817188,
          -0.3916993782872981
        ]
      ],
      "t": [
        [
          0.007569529620069099
        ],
        [
          0.4878302195436566
        ],
        [
          0.9475396853069915
        ]
      ],
      "depth_z_path": "gt/depth_z/frame_000056.npy"
    },
    {
      "frame_id": 57,
      "image_name": "frame_000057.png",
      "R": [
        [
          0.9964302775461646,
          -0.08441979619303246,
          0.0
        ],
        [
          -0.03302887492131014,
          -0.38984897487344217,
          -0.9202862979592594
        ],
        [
          0.07769038171296103,
          0.9170011312974773,
          -0.3912456131235739
        ]
      ],
      "t": [
        [
          0.0065781042031680045
        ],
        [
          0.4880214834502362
        ],
        [
          0.9479480490784555
        ]
      ],
      "depth_z_path": "gt/depth_z/frame_000057.npy"
    },
    {
      "frame_id": 58,
      "image_name": "frame_000058.png",
      "R": [
        [
          0.9974444947414186,
          -0.07144564304445826,
          0.0
        ],
        [
          -0.02792174420782747,
          -0.3898122944508348,
          -0.9204709399515927
        ],
        [
          0.06576363820857846,
          0.918118671624175,
          -0.39081101405235713
        ]
      ],
      "t": [
        [
          0.005579073785841618
        ],
        [
          0.48819428173646895
        ],
        [
          0.948364650135951
        ]
      ],
      "depth_z_path": "gt/depth_z/frame_000058.npy"
    },
    {
      "frame_id": 59,
      "image_name": "frame_000059.png",
      "R": [
        [
          0.998289411557434,
          -0.05846580857486025,
          0.0
        ],
        [
          -0.022824803935394926,
          -0.3897279563046507,
          -0.9206471356605153
        ],
        [
          0.05382637919852108,
          0.9190722873105729,
          -0.39039576278449656
        ]
      ],
      "t": [
        [
          0.004573586288955003
        ],
        [
          0.4883485701984232
        ],
        [
          0.9487892107255809
        ]
      ],
      "depth_z_path": "gt/depth_z/frame_000059.npy"
    },
    {
      "frame_id": 60,
      "image_name": "frame_000060.png",
      "R": [
        [
          0.9989652126564508,
          -0.0454808080650741,
          0.0
        ],
        [
          -0.017737516250660505,
          -0.3895964572130223,
          -0.9208148462336603
        ],
        [
          0.04187940328502382,
          0.9198619986850254,
          -0.390000024302154
        ]
      ],
      "t": [
        [
          0.003562794865220261
        ],
        [
          0.48848431724196506
        ],
        [
          0.9492214499055371
        ]
      ],
      "depth_z_path": "gt/depth_z/frame_000060.npy"
    },
    {
      "frame_id": 61,
      "image_name": "frame_000061.png",
      "R": [
        [
          0.9994720231305618,
          -0.03249115232338954,
          0.0
        ],
        [
          -0.0126593310125493,
          -0.38941823462148495,
          -0.9209740386583114
        ],
        [
          0.02992350777593444,
          0.9204877856685467,
          -0.3896239470533083
        ]
      ],
      "t": [
        [
          0.0025478571085114886
        ],
        [
          0.4886015036557912
        ],
        [
          0.9496610839296731
        ]
      ],
