{
  "width": 640,
  "height": 480,
  "camera_model": "PINHOLE",
  "intrinsics_path": "K.npy",
  "pose_convention": "world_to_camera",
  "depth_convention": "z_depth_m",
  "frames": [
    {
      "frame_id": 0,
      "image_name": "frame_000000.png",
      "R": [
        [
          0.27783075455458656,
          -0.9606300389971307,
          0.0
        ],
        [
          -0.49829707036282483,
          -0.14411609613600376,
          -0.8549447821364512
        ],
        [
          0.8212856394041327,
          0.2375299539234769,
          -0.5187190178677238
        ]
      ],
      "t": [
        [
          0.007308116894814781
        ],
        [
          0.43356000805904704
        ],
        [
          1.0590129037971039
        ]
      ],
      "depth_z_path": "gt/depth_z/frame_000000.npy",
      "depth_z_foreground_path": "gt/depth_z_foreground/frame_000000.npy"
    },
    {
      "frame_id": 1,
      "image_name": "frame_000001.png",
      "R": [
        [
          0.2855100301138278,
          -0.9583757210532835,
          0.0
        ],
        [
          -0.49005352856977424,
          -0.14599200984095553,
          -0.8593799347197443
        ],
        [
          0.8236088645957585,
          0.2453615910410535,
          -0.5113375869238327
        ]
      ],
      "t": [
        [
          0.007518722102619058
        ],
        [
          0.4361029128733849
        ],
        [
          1.051222545061099
        ]
      ],
      "depth_z_path": "gt/depth_z/frame_000001.npy",
      "depth_z_foreground_path": "gt/depth_z_foreground/frame_000001.npy"
    },
    {
      "frame_id": 2,
      "image_name": "frame_000002.png",
      "R": [
        [
          0.29316767716988945,
          -0.9560610404481564,
          0.0
        ],
        [
          -0.4817028478869663,
          -0.14770992544047748,
          -0.863796355782979
        ],
        [
          0.8258420426452008,
          0.25323717117271133,
          -0.5038411016739754
        ]
      ],
      "t": [
        [
          0.007726888070206245
        ],
        [
          0.4386375675308246
        ],
        [
          1.0434278793970466
        ]
      ],
      "depth_z_path": "gt/depth_z/frame_000002.npy",
      "depth_z_foreground_path": "gt/depth_z_foreground/frame_000002.npy"
    },
    {
      "frame_id": 3,
      "image_name": "frame_000003.png",
      "R": [
        [
          0.3008031712746657,
          -0.9536862440819329,
          0.0
        ],
        [
          -0.4732467568011851,
          -0.14926725233232688,
          -0.868191680770046
        ],
        [
          0.8279824631767657,
          0.26115481084991204,
          -0.4962289848866978
        ]
      ],
      "t": [
        [
          0.007932574242546453
        ],
        [
          0.44116261873006535
        ],
        [
          1.0356294717291565
        ]
      ],
      "depth_z_path": "gt/depth_z/frame_000003.npy",
      "depth_z_foreground_path": "gt/depth_z_foreground/frame_000003.npy"
    },
    {
      "frame_id": 4,
      "image_name": "frame_000004.png",
      "R": [
        [
          0.30841599183391527,
          -0.9512515839572108,
          0.0
        ],
        [
          -0.46468710025833915,
          -0.15066143945054222,
          -0.872563481654021
        ],
        [
          0.830027394026606,
          0.2691125316323792,
          -0.4885007374444926
        ]
      ],
      "t": [
        [
          0.008135740696989274
        ],
        [
          0.44367667713915687
        ],
        [
          1.0278279327154374
        ]
      ],
      "depth_z_path": "gt/depth_z/frame_000004.npy",
      "depth_z_foreground_path": "gt/depth_z_foreground/frame_000004.npy"
    },
    {
      "frame_id": 5,
      "image_name": "frame_000005.png",
      "R": [
        [
          0.3160056221733842,
          -0.9487573171021199,
          0.0
        ],
        [
          -0.45602584265936824,
          -0.15188998022895298,
          -0.8769092682443616
        ],
        [
          0.8319740846815036,
          0.2771082589011665,
          -0.48065594271488893
        ]
      ],
      "t": [
        [
          0.008336348152450573
        ],
        [
          0.4461783181085538
        ],
        [
          1.0200239204994286
        ]
      ],
      "depth_z_path": "gt/depth_z/frame_000005.npy",
      "depth_z_foreground_path": "gt/depth_z_foreground/frame_000005.npy"
    },
    {
      "frame_id": 6,
      "image_name": "frame_000006.png",
      "R": [
        [
          0.32357154960313933,
          -0.9462037054923338,
          0.0
        ],
        [
          -0.44726507073806,
          -0.15295041773987678,
          -0.8812264897351165
        ],
        [
          0.8338197699653693,
          0.2851398208349266,
          -0.47269427095018257
        ]
      ],
      "t": [
        [
          0.008534357978352475
        ],
        [
          0.4486660825174342
        ],
        [
          1.012218142446104
        ]
      ],
      "depth_z_path": "gt/depth_z/frame_000006.npy",
      "depth_z_foreground_path": "gt/depth_z_foreground/frame_000006.npy"
    },
    {
      "frame_id": 7,
      "image_name": "frame_000007.png",
      "R": [
        [
          0.33111326548009223,
          -0.9435910159720206,
          0.0
        ],
        [
          -0.43840699630159174,
          -0.15384035000079221,
          -0.8855125365038317
        ],
        [
          0.8355616739756115,
          0.2932049475853431,
          -0.46461548370082345
        ]
      ],
      "t": [
        [
          0.008729732203314827
        ],
        [
          0.45113847775875193
        ],
        [
          1.0044113568537731
        ]
      ],
      "depth_z_path": "gt/depth_z/frame_000007.npy",
      "depth_z_foreground_path": "gt/depth_z_foreground/frame_000007.npy"
    },
    {
      "frame_id": 8,
      "image_name": "frame_000008.png",
      "R": [
        [
          0.3386302652686851,
          -0.940919520173782,
          0.0
        ],
        [
          -0.42945395881384724,
          -0.1545574354403454,
          -0.8897647421702086
        ],
        [
          0.8371970142703415,
          0.301301270667821,
          -0.4564194382262681
        ]
      ],
      "t": [
        [
          0.008922433523595064
        ],
        [
          0.45359397886815944
        ],
        [
          0.996604374633255
        ]
      ],
      "depth_z_path": "gt/depth_z/frame_000008.npy",
      "depth_z_foreground_path": "gt/depth_z_foreground/frame_000008.npy"
    },
    {
      "frame_id": 9,
      "image_name": "frame_000009.png",
      "R": [
        [
          0.3461220485997234,
          -0.9381894944376272,
          0.0
        ],
        [
          -0.4204084278008639,
          -0.15509939851356747,
          -0.8939803859228319
        ],
        [
          0.8387230063060966,
          0.30942632258358194,
          -0.4481060918859111
        ]
      ],
      "t": [
        [
          0.009112425311276512
        ],
        [
          0.4560310298015375
        ],
        [
          0.988798060945078
        ]
      ],
      "depth_z_path": "gt/depth_z/frame_000009.npy",
      "depth_z_foreground_path": "gt/depth_z_foreground/frame_000009.npy"
    },
    {
      "frame_id": 10,
      "image_name": "frame_000010.png",
      "R": [
        [
          0.3535881193273304,
          -0.9354012197290325,
          0.0
        ],
        [
          -0.41127300505715936,
          -0.15546403545463233,
          -0.8981566951214107
        ],
        [
          0.8401368681243642,
          0.31757753668923006,
          -0.4396755064915322
        ]
      ],
      "t": [
        [
          0.009299671622200356
        ],
        [
          0.4584480448654031
        ],
        [
          0.9809933367849485
        ]
      ],
      "depth_z_path": "gt/depth_z/frame_000010.npy",
      "depth_z_foreground_path": "gt/depth_z_foreground/frame_000010.npy"
    },
    {
      "frame_id": 11,
      "image_name": "frame_000011.png",
      "R": [
        [
          0.3610279855840086,
          -0.9325549815561294,
          0.0
        ],
        [
          -0.4020504266311786,
          -0.15564922015389948,
          -0.90229084818099
        ],
        [
          0.8414358252836875,
          0.3257522473296694,
          -0.43112785260155695
        ]
      ],
      "t": [
        [
          0.009484137203643134
        ],
        [
          0.46084341030392917
        ],
        [
          0.9731911805072462
        ]
      ],
      "depth_z_path": "gt/depth_z/frame_000011.npy",
      "depth_z_foreground_path": "gt/depth_z_foreground/frame_000011.npy"
    },
    {
      "frame_id": 12,
      "image_name": "frame_000012.png",
      "R": [
        [
          0.36844115983378867,
          -0.9296510698860796,
          0.0
        ],
        [
          -0.39274356456771053,
          -0.15565291014435748,
          -0.9063799777434633
        ],
        [
          0.8426171160325318,
          0.3339476902499252,
          -0.4224634137363362
        ]
      ],
      "t": [
        [
          0.009665787501735773
        ],
        [
          0.463215486045701
        ],
        [
          0.9653926292758609
        ]
      ],
      "depth_z_path": "gt/depth_z/frame_000012.npy",
      "depth_z_foreground_path": "gt/depth_z_foreground/frame_000012.npy"
    },
    {
      "frame_id": 13,
      "image_name": "frame_000013.png",
      "R": [
        [
          0.3758271589234506,
          -0.9266897790606776,
          0.0
        ],
        [
          -0.3833554283848573,
          -0.15547315268093564,
          -0.9104211741404706
        ],
        [
          0.8436779967163953,
          0.3421610033009651,
          -0.4136825904926227
        ]
      ],
      "t": [
        [
          0.009844588668624005
        ],
        [
          0.46556260761265844
        ],
        [
          0.9575987804312708
        ]
      ],
      "depth_z_path": "gt/depth_z/frame_000013.npy",
      "depth_z_foreground_path": "gt/depth_z_foreground/frame_000013.npy"
    },
    {
      "frame_id": 14,
      "image_name": "frame_000014.png",
      "R": [
        [
          0.3831855041318031,
          -0.9236714077112358,
          0.0
        ],
        [
          -0.37388916626302093,
          -0.15510809089448926,
          -0.9144114891503771
        ],
        [
          0.8446157474108561,
          0.350389227454,
          -0.40478590453447116
        ]
      ],
      "t": [
        [
          0.010020507569369508
        ],
        [
          0.46788308819291174
        ],
        [
          0.9498107927624087
        ]
      ],
      "depth_z_path": "gt/depth_z/frame_000014.npy",
      "depth_z_foreground_path": "gt/depth_z_foreground/frame_000014.npy"
    },
    {
      "frame_id": 15,
      "image_name": "frame_000015.png",
      "R": [
        [
          0.390515721217007,
          -0.9205962586728021,
          0.0
        ],
        [
          -0.3643480659234029,
          -0.15455597000060117,
          -0.9183479400505286
        ],
        [
          0.8454276777703913,
          0.35862930813698485,
          -0.39577400243693506
        ]
      ],
      "t": [
        [
          0.010193511788589765
        ],
        [
          0.4701752208783077
        ],
        [
          0.9420298876715572
        ]
      ],
      "depth_z_path": "gt/depth_z/frame_000015.npy",
      "depth_z_foreground_path": "gt/depth_z_foreground/frame_000015.npy"
    },
    {
      "frame_id": 16,
      "image_name": "frame_000016.png",
      "R": [
        [
          0.3978173404619342,
          -0.9174646388977581,
          0.0
        ],
        [
          -0.35473555517372096,
          -0.1538151435417052,
          -0.9222275139643344
        ],
        [
          0.8461111330808652,
          0.3668780969061127,
          -0.38664765935818535
        ]
      ],
      "t": [
        [
          0.010363569636837072
        ],
        [
          0.47243728106671423
        ],
        [
          0.9342573502202793
        ]
      ],
      "depth_z_path": "gt/depth_z/frame_000016.npy",
      "depth_z_foreground_path": "gt/depth_z_foreground/frame_000016.npy"
    },
    {
      "frame_id": 17,
      "image_name": "frame_000017.png",
      "R": [
        [
          0.40508989671754564,
          -0.9142768593688502,
          0.0
        ],
        [
          -0.34505520209923035,
          -0.15288407963942327,
          -0.9260471725009832
        ],
        [
          0.8466635005016027,
          0.3751323534639984,
          -0.37740778251505913
        ]
      ],
      "t": [
        [
          0.010530650156715199
        ],
        [
          0.47466752902804293
        ],
        [
          0.9264945300442218
        ]
      ],
      "depth_z_path": "gt/depth_z/frame_000017.npy",
      "depth_z_foreground_path": "gt/depth_z_foreground/frame_000017.npy"
    },
    {
      "frame_id": 18,
      "image_name": "frame_000018.png",
      "R": [
        [
          0.41233292944428784,
          -0.9110332350117046,
          0.0
        ],
        [
          -0.3353107148777251,
          -0.15176136723246375,
          -0.9298038566837213
        ],
        [
          0.84708221548093,
          0.38338874803499556,
          -0.36805541443657336
        ]
      ],
      "t": [
        [
          0.010694723128734457
        ],
        [
          0.4768642126319957
        ],
        [
          0.9187428421245478
        ]
      ],
      "depth_z_path": "gt/depth_z/frame_000018.npy",
      "depth_z_foreground_path": "gt/depth_z_foreground/frame_000018.npy"
    },
    {
      "frame_id": 19,
      "image_name": "frame_000019.png",
      "R": [
        [
          0.41954598275149213,
          -0.9077340846068769,
          0.0
        ],
        [
          -0.32550594119797555,
          -0.15044572227393857,
          -0.9334944921606624
        ],
        [
          0.8473647683270202,
          0.39164386410665014,
          -0.3585917359696218
        ]
      ],
      "t": [
        [
          0.010855759076903587
        ],
        [
          0.4790255702344417
        ],
        [
          0.9110037674037657
        ]
      ],
      "depth_z_path": "gt/depth_z/frame_000019.npy",
      "depth_z_foreground_path": "gt/depth_z_foreground/frame_000019.npy"
    },
    {
      "frame_id": 20,
      "image_name": "frame_000020.png",
      "R": [
        [
          0.4267286054347776,
          -0.9043797307014846,
          0.0
        ],
        [
          -0.3156448672620642,
          -0.1489359938605765,
          -0.9371159946900257
        ],
        [
          0.8475087109138193,
          0.3998942015446991,
          -0.34901806901093785
        ]
      ],
      "t": [
        [
          0.011013729274059747
        ],
        [
          0.48114983371819564
        ],
        [
          0.90327885323381
        ]
      ],
      "depth_z_path": "gt/depth_z/frame_000020.npy",
      "depth_z_foreground_path": "gt/depth_z_foreground/frame_000020.npy"
    },
    {
      "frame_id": 21,
      "image_name": "frame_000021.png",
      "R": [
        [
          0.43388035101144884,
          -0.9009704995204793,
          0.0
        ],
        [
          -0.305731616353304,
          -0.14723117026503038,
          -0.9406652758895621
        ],
        [
          0.8475116634997881,
          0.40813618008724456,
          -0.33933587893945755
        ]
      ],
      "t": [
        [
          0.011168605746935623
        ],
        [
          0.4832352316827821
        ],
        [
          0.8955697136444503
        ]
      ],
      "depth_z_path": "gt/depth_z/frame_000021.npy",
      "depth_z_foreground_path": "gt/depth_z_foreground/frame_000021.npy"
    },
    {
      "frame_id": 22,
      "image_name": "frame_000022.png",
      "R": [
        [
          0.44100077775388624,
          -0.897506720877603,
          0.0
        ],
        [
          -0.2957704469528698,
          -0.14533038484133887,
          -0.9441392492377213
        ],
        [
          0.847371321635189,
          0.4163661432218053,
          -0.32954677672347515
        ]
      ],
      "t": [
        [
          0.011320361280964808
        ],
        [
          0.4852799927765553
        ],
        [
          0.8878780294204098
        ]
      ],
      "depth_z_path": "gt/depth_z/frame_000022.npy",
      "depth_z_foreground_path": "gt/depth_z_foreground/frame_000022.npy"
    },
    {
      "frame_id": 23,
      "image_name": "frame_000023.png",
      "R": [
        [
          0.4480894487209287,
          -0.893988728086084,
          0.0
        ],
        [
          -0.2857657503899562,
          -0.14323292177261987,
          -0.9475348363118602
        ],
        [
          0.8470854631316956,
          0.4245803624468569,
          -0.31965252067746347
        ]
      ],
      "t": [
        [
          0.011468969424825337
        ],
        [
          0.4872823491632976
        ],
        [
          0.8802055479760083
        ]
      ],
      "depth_z_path": "gt/depth_z/frame_000023.npy",
      "depth_z_foreground_path": "gt/depth_z_foreground/frame_000023.npy"
    },
    {
      "frame_id": 24,
      "image_name": "frame_000024.png",
      "R": [
        [
          0.4551459317872472,
          -0.8904168578691211,
          0.0
        ],
        [
          -0.2757220480121826,
          -0.14093822162926614,
          -0.9508489732465127
        ],
        [
          0.8466519550662398,
          0.4327750419172313,
          -0.30965501784413646
        ]
      ],
      "t": [
        [
          0.011614404494722619
        ],
        [
          0.48924054011414797
        ],
        [
          0.8725540830166936
        ]
      ],
      "depth_z_path": "gt/depth_z/frame_000024.npy",
      "depth_z_foreground_path": "gt/depth_z_foreground/frame_000024.npy"
    },
    {
      "frame_id": 25,
      "image_name": "frame_000025.png",
      "R": [
        [
          0.4621697996707085,
          -0.8867914502702071,
          0.0
        ],
        [
          -0.265643987865097,
          -0.13844588670530253,
          -0.9540786173924615
        ],
        [
          0.8460687607892549,
          0.4409463234703804,
          -0.2995563249782739
        ]
      ],
      "t": [
        [
          0.011756641578411053
        ],
        [
          0.49115281571445496
        ],
        [
          0.864925513977505
        ]
      ],
      "depth_z_path": "gt/depth_z/frame_000025.npy",
      "depth_z_foreground_path": "gt/depth_z_foreground/frame_000025.npy"
    },
    {
      "frame_id": 26,
      "image_name": "frame_000026.png",
      "R": [
        [
          0.4695569902809994,
          -0.8829021649527481,
          0.0
        ],
        [
          -0.26144471268357133,
          -0.13904506896202767,
          -0.955150842017715
        ],
        [
          0.8433047462738807,
          0.44849775464220054,
          -0.296119686938998
        ]
      ],
      "t": [
        [
          0.01190300428383212
        ],
        [
          0.4918319769816689
        ],
        [
          0.8450173497119405
        ]
      ],
      "depth_z_path": "gt/depth_z/frame_000026.npy",
      "depth_z_foreground_path": "gt/depth_z_foreground/frame_000026.npy"
    },
    {
      "frame_id": 27,
      "image_name": "frame_000027.png",
      "R": [
        [
          0.4978947223614147,
          -0.8672374792665788,
          0.0
        ],
        [
          -0.2563746034246897,
          -0.1471887055672513,
          -0.9553049500930424
        ],
        [
          0.8284762568495749,
          0.4756412928970605,
          -0.2956221445151393
        ]
      ],
      "t": [
        [
          0.012439057473633774
        ],
        [
          0.4921836467761855
        ],
        [
          0.8450467277733695
        ]
      ],
      "depth_z_path": "gt/depth_z/frame_000027.npy",
      "depth_z_foreground_path": "gt/depth_z_foreground/frame_000027.npy"
    },
    {
      "frame_id": 28,
      "image_name": "frame_000028.png",
      "R": [
        [
          0.5256369351671943,
          -0.8507090057052639,
          0.0
        ],
        [
          -0.2510483570713093,
          -0.15511801109983941,
          -0.9554648737887891
        ],
        [
          0.8128225727671662,
          0.5022276279182493,
          -0.29510485417182397
        ]
      ],
      "t": [
        [
          0.012918884047340318
        ],
        [
          0.49254500349240304
        ],
        [
          0.8450913188219721
        ]
      ],
      "depth_z_path": "gt/depth_z/frame_000028.npy",
      "depth_z_foreground_path": "gt/depth_z_foreground/frame_000028.npy"
    },
    {
      "frame_id": 29,
      "image_name": "frame_000029.png",
      "R": [
        [
          0.5527574762999465,
          -0.8333421700565224,
          0.0
        ],
        [
          -0.24547727569635583,
          -0.16282555267028015,
          -0.9556300259589551
        ],
        [
          0.7963667996038065,
          0.5282316414255244,
          -0.29456960719953246
        ]
      ],
      "t": [
        [
          0.01334124826479094
        ],
        [
          0.4929145967404515
        ],
        [
          0.8451517231807937
        ]
      ],
      "depth_z_path": "gt/depth_z/frame_000029.npy",
      "depth_z_foreground_path": "gt/depth_z_foreground/frame_000029.npy"
    },
    {
      "frame_id": 30,
      "image_name": "frame_000030.png",
      "R": [
        [
          0.5792316412324967,
          -0.8151629933915722,
          0.0
        ],
        [
          -0.23967277420861774,
          -0.17030465745997955,
          -0.9557998142658242
        ],
        [
          0.7791326376800379,
          0.5536294951069088,
          -0.2940182223084413
        ]
      ],
      "t": [
        [
          0.013705140991593312
        ],
        [
          0.4932909696370227
        ],
        [
          0.8452285062155839
        ]
      ],
      "depth_z_path": "gt/depth_z/frame_000030.npy",
      "depth_z_foreground_path": "gt/depth_z_foreground/frame_000030.npy"
    },
    {
      "frame_id": 31,
      "image_name": "frame_000031.png",
      "R": [
        [
          0.6050361627385947,
          -0.7961979915690297,
          0.0
        ],
        [
          -0.23364632071489366,
          -0.17754939703471245,
          -0.9559736442125396
        ],
        [
          0.7611442955149501,
          0.5783986253735856,
          -0.29345253716912534
        ]
      ],
      "t": [
        [
          0.014009779986256243
        ],
        [
          0.49367266612141364
        ],
        [
          0.8453221931995991
        ]
      ],
      "depth_z_path": "gt/depth_z/frame_000031.npy",
      "depth_z_foreground_path": "gt/depth_z_foreground/frame_000031.npy"
    },
    {
      "frame_id": 32,
      "image_name": "frame_000032.png",
      "R": [
        [
          0.6301491921678536,
          -0.7764740791618234,
          0.0
        ],
        [
          -0.22740938022815305,
          -0.18455456671116724,
          -0.9561509220255454
        ],
        [
          0.7424264067195138,
          0.6025177311049458,
          -0.29287440022934635
        ]
      ],
      "t": [
        [
          0.014254609144366659
        ],
        [
          0.4940582378796377
        ],
        [
          0.84543326464577
        ]
      ],
      "depth_z_path": "gt/depth_z/frame_000032.npy",
      "depth_z_foreground_path": "gt/depth_z_foreground/frame_000032.npy"
    },
    {
      "frame_id": 33,
      "image_name": "frame_000033.png",
      "R": [
        [
          0.6545502732826288,
          -0.75601847844192,
          0.0
        ],
        [
          -0.22097336210178442,
          -0.19131566049812615,
          -0.9563310573695698
        ],
        [
          0.7230039508792946,
          0.6259667549499173,
          -0.2922856628546816
        ]
      ],
      "t": [
        [
          0.014439296767506271
        ],
        [
          0.4944462508385643
        ],
        [
          0.845562152140223
        ]
      ],
      "depth_z_path": "gt/depth_z/frame_000033.npy",
      "depth_z_foreground_path": "gt/depth_z_foreground/frame_000033.npy"
    },
    {
      "frame_id": 34,
      "image_name": "frame_000034.png",
      "R": [
        [
          0.6782203094134122,
          -0.7348586339556578,
          0.0
        ],
        [
          -0.2143495714944729,
          -0.19782884215304178,
          -0.956513465881439
        ],
        [
          0.7029021788978259,
          0.6487268587882048,
          -0.291688171833342
        ]
      ],
      "t": [
        [
          0.014563732928259743
        ],
        [
          0.49483529120103653
        ],
        [
          0.845709234702152
        ]
      ],
      "depth_z_path": "gt/depth_z/frame_000034.npy",
      "depth_z_foreground_path": "gt/depth_z_foreground/frame_000034.npy"
    },
    {
      "frame_id": 35,
      "image_name": "frame_000035.png",
      "R": [
        [
          0.7011415247149314,
          -0.7130221331210002,
          0.0
        ],
        [
          -0.20754916509643417,
          -0.20409091290344256,
          -0.956697571512551
        ],
        [
          0.6821465431915597,
          0.670780393981382,
          -0.2910837622781241
        ]
      ],
      "t": [
        [
          0.014628026004891104
        ],
        [
          0.4952239710016355
        ],
        [
          0.8458748356862145
        ]
      ],
      "depth_z_path": "gt/depth_z/frame_000035.npy",
      "depth_z_foreground_path": "gt/depth_z_foreground/frame_000035.npy"
    },
    {
      "frame_id": 36,
      "image_name": "frame_000036.png",
      "R": [
        [
          0.7232974203174884,
          -0.6905366331789115,
          0.0
        ],
        [
          -0.20058311127700232,
          -0.2100992763816519,
          -0.9568828086732168
        ],
        [
          0.6607626330479835,
          0.6921108670594904,
          -0.29047425095119195
        ]
      ],
      "t": [
        [
          0.01463249846016118
        ],
        [
          0.4956109331710166
        ],
        [
          0.8460592202351807
        ]
      ],
      "depth_z_path": "gt/depth_z/frame_000036.npy",
      "depth_z_foreground_path": "gt/depth_z_foreground/frame_000036.npy"
    },
    {
      "frame_id": 37,
      "image_name": "frame_000037.png",
      "R": [
        [
          0.7446727261682065,
          -0.6674297947359041,
          0.0
        ],
        [
          -0.19346215474703818,
          -0.21585190131174462,
          -0.9570686241752667
        ],
        [
          0.6387761153814725,
          0.7127029014946505,
          -0.28986143003038894
        ]
      ],
      "t": [
        [
          0.014577681938436393
        ],
        [
          0.49599485610444427
        ],
        [
          0.8462625932825664
        ]
      ],
      "depth_z_path": "gt/depth_z/frame_000037.npy",
      "depth_z_foreground_path": "gt/depth_z_foreground/frame_000037.npy"
    },
    {
      "frame_id": 38,
      "image_name": "frame_000038.png",
      "R": [
        [
          0.7652533493461298,
          -0.6437292220448986,
          0.0
        ],
        [
          -0.18619678576819146,
          -0.221347282470663,
          -0.9572544789722568
        ],
        [
          0.6162126810478056,
          0.7325421962101039,
          -0.28924706132915723
        ]
      ],
      "t": [
        [
          0.014464311753839332
        ],
        [
          0.49637445773718814
        ],
        [
          0.8464850980975909
        ]
      ],
      "depth_z_path": "gt/depth_z/frame_000038.npy",
      "depth_z_foreground_path": "gt/depth_z_foreground/frame_000038.npy"
    },
    {
      "frame_id": 39,
      "image_name": "frame_000039.png",
      "R": [
        [
          0.7850263196148637,
          -0.619462410087926,
          0.0
        ],
        [
          -0.17879721388536698,
          -0.2265844004221315,
          -0.9574398496992768
        ],
        [
          0.5930979968089356,
          0.7516154814620314,
          -0.28863287097596224
        ]
      ],
      "t": [
        [
          0.014293320839855794
        ],
        [
          0.4967484991357438
        ],
        [
          0.8467268153580663
        ]
      ],
      "depth_z_path": "gt/depth_z/frame_000039.npy",
      "depth_z_foreground_path": "gt/depth_z_foreground/frame_000039.npy"
    },
    {
      "frame_id": 40,
      "image_name": "frame_000040.png",
      "R": [
        [
          0.8039797329481254,
          -0.5946566984476513,
          0.0
        ],
        [
          -0.17127334610924885,
          -0.23156268049365586,
          -0.9576242300167299
        ],
        [
          0.5694576629752228,
          0.7699104727135047,
          -0.28802054455344933
        ]
      ],
      "t": [
        [
          0.014065833227684676
        ],
        [
          0.49711578761937336
        ],
        [
          0.8469877627308167
        ]
      ],
      "depth_z_path": "gt/depth_z/frame_000040.npy",
      "depth_z_foreground_path": "gt/depth_z_foreground/frame_000040.npy"
    },
    {
      "frame_id": 41,
      "image_name": "frame_000041.png",
      "R": [
        [
          0.8221026937285971,
          -0.5693392318856874,
          0.0
        ],
        [
          -0.1636347694326567,
          -0.23628195143463257,
          -0.9578071317645132
        ],
        [
          0.5453171766934413,
          0.7874158230960676,
          -0.2874117226924413
        ]
      ],
      "t": [
        [
          0.013783157116836808
        ],
        [
          0.49747517943119157
        ],
        [
          0.8472678949339817
        ]
      ],
      "depth_z_path": "gt/depth_z/frame_000041.npy",
      "depth_z_foreground_path": "gt/depth_z_foreground/frame_000041.npy"
    },
    {
      "frame_id": 42,
      "image_name": "frame_000042.png",
      "R": [
        [
          0.8393852562802525,
          -0.5435369274845409,
          0.0
        ],
        [
          -0.1558907375279038,
          -0.24074240415854503,
          -0.957988085934773
        ],
        [
          0.5207019007957827,
          0.8041210750257879,
          -0.28680799711136024
        ]
      ],
      "t": [
        [
          0.013446777597211634
        ],
        [
          0.497825581981965
        ],
        [
          0.8475671042510982
        ]
      ],
      "depth_z_path": "gt/depth_z/frame_000042.npy",
      "depth_z_foreground_path": "gt/depth_z_foreground/frame_000042.npy"
    },
    {
      "frame_id": 43,
      "image_name": "frame_000043.png",
      "R": [
        [
          0.8558183663501949,
          -0.51727644815677,
          0.0
        ],
        [
          -0.14805016144206148,
          -0.24494455093541725,
          -0.9581666434728493
        ],
        [
          0.4956370380779297,
          0.8200166115081835,
          -0.28621090708771685
        ]
      ],
      "t": [
        [
          0.013058349077223697
        ],
        [
          0.4981659556929504
        ],
        [
          0.8478852214631626
        ]
      ],
      "depth_z_path": "gt/depth_z/frame_000043.npy",
      "depth_z_foreground_path": "gt/depth_z_foreground/frame_000043.npy"
    },
    {
      "frame_id": 44,
      "image_name": "frame_000044.png",
      "R": [
        [
          0.8713938031092213,
          -0.49058418227950196,
          0.0
        ],
        [
          -0.14012160408288726,
          -0.24888918536306723,
          -0.9583423759171601
        ],
        [
          0.47014761083311507,
          0.8350936076311811,
          -0.28562193634497446
        ]
      ],
      "t": [
        [
          0.012619687467653629
        ],
        [
          0.4984953154665215
        ],
        [
          0.8482220171619614
        ]
      ],
      "depth_z_path": "gt/depth_z/frame_000044.npy",
      "depth_z_foreground_path": "gt/depth_z_foreground/frame_000044.npy"
    },
    {
      "frame_id": 45,
      "image_name": "frame_000045.png",
      "R": [
        [
          0.8861041221919579,
          -0.4634862291745244,
          0.0
        ],
        [
          -0.13211327826977148,
          -0.25257734340809684,
          -0.958514875889635
        ],
        [
          0.4442584454337742,
          0.8493439827081185,
          -0.2850425103353494
        ]
      ],
      "t": [
        [
          0.012132762165863564
        ],
        [
          0.4988127318150464
        ],
        [
          0.84857720340577
        ]
      ],
      "depth_z_path": "gt/depth_z/frame_000045.npy",
      "depth_z_foreground_path": "gt/depth_z_foreground/frame_000045.npy"
    },
    {
      "frame_id": 46,
      "image_name": "frame_000046.png",
      "R": [
        [
          0.8999426002484971,
          -0.436008390123371,
          0.0
        ],
        [
          -0.12403304811096048,
          -0.25601026577066666,
          -0.9586837574488977
        ],
        [
          0.41799416172271814,
          0.8627603534945605,
          -0.2844739938969171
        ]
      ],
      "t": [
        [
          0.011599687879955689
        ],
        [
          0.49911733167955974
        ],
        [
          0.8489504356770281
        ]
      ],
      "depth_z_path": "gt/depth_z/frame_000046.npy",
      "depth_z_foreground_path": "gt/depth_z_foreground/frame_000046.npy"
    },
    {
      "frame_id": 47,
      "image_name": "frame_000047.png",
      "R": [
        [
          0.9129031814308667,
          -0.4081761645826492,
          0.0
        ],
        [
          -0.11588843346003104,
          -0.25918936179155516,
          -0.9588486563187468
        ],
        [
          0.3913791669514129,
          0.8753359888640958,
          -0.2839176892617537
        ]
      ],
      "t": [
        [
          0.011022716327444365
        ],
        [
          0.49940829897024597
        ],
        [
          0.8493413151007665
        ]
      ],
      "depth_z_path": "gt/depth_z/frame_000047.npy",
      "depth_z_foreground_path": "gt/depth_z_foreground/frame_000047.npy"
    },
    {
      "frame_id": 48,
      "image_name": "frame_000048.png",
      "R": [
        [
          0.9249804261901265,
          -0.3800147512467533,
          0.0
        ],
        [
          -0.10768661720056737,
          -0.26211617508625545,
          -0.9590092300046178
        ],
        [
          0.3644376539835453,
          0.8870647662899365,
          -0.2833748343906884
        ]
      ],
      "t": [
        [
          0.01040422783814729
        ],
        [
          0.4996848748607229
        ],
        [
          0.8497493908823148
        ]
      ],
      "depth_z_path": "gt/depth_z/frame_000048.npy",
      "depth_z_foreground_path": "gt/depth_z_foreground/frame_000048.npy"
    },
    {
      "frame_id": 49,
      "image_name": "frame_000049.png",
      "R": [
        [
          0.936169462714019,
          -0.3515490535924468,
          0.0
        ],
        [
          -0.09943445510768333,
          -0.2647923510593151,
          -0.9591651578106445
        ],
        [
          0.337193603467182,
          0.8979411304415984,
          -0.28284660160956765
        ]
      ],
      "t": [
        [
          0.00974672288632722
        ],
        [
          0.49994635786760155
        ],
        [
          0.850174162923126
        ]
      ],
      "depth_z_path": "gt/depth_z/frame_000049.npy",
      "depth_z_foreground_path": "gt/depth_z_foreground/frame_000049.npy"
    },
    {
      "frame_id": 50,
      "image_name": "frame_000050.png",
      "R": [
        [
          0.9464659412913737,
          -0.322803689531941,
          0.0
        ],
        [
          -0.09113848803786144,
          -0.26721960642302967,
          -0.959316140769712
        ],
        [
          0.3096707896680059,
          0.9079600541696135,
          -0.2823340965216676
        ]
      ],
      "t": [
        [
          0.009052813572699936
        ],
        [
          0.5001921037459015
        ],
        [
          0.8506150845743409
        ]
      ],
      "depth_z_path": "gt/depth_z/frame_000050.npy",
      "depth_z_foreground_path": "gt/depth_z_foreground/frame_000050.npy"
    },
    {
      "frame_id": 51,
      "image_name": "frame_000051.png",
      "R": [
        [
          0.9558659918482394,
          -0.29380300479740057,
          0.0
        ],
        [
          -0.08280495620400646,
          -0.2693997008181482,
          -0.9594619014985144
        ],
        [
          0.2818927896488911,
          0.9171170021164753,
          -0.2818383571710124
        ]
      ],
      "t": [
        [
          0.008325215072799791
        ],
        [
          0.5004215252296589
        ],
        [
          0.8510715654889409
        ]
      ],
      "depth_z_path": "gt/depth_z/frame_000051.npy",
      "depth_z_foreground_path": "gt/depth_z_foreground/frame_000051.npy"
    },
    {
      "frame_id": 52,
      "image_name": "frame_000052.png",
      "R": [
        [
          0.9643661848622346,
          -0.26457108967961407,
          0.0
        ],
        [
          -0.07443981530009527,
          -0.27133441061052443,
          -0.9596021839891399
        ],
        [
          0.25388299547694426,
          0.9254078971590749,
          -0.2813603534318098
        ]
      ],
      "t": [
        [
          0.007566737064394896
        ],
        [
          0.5006340916455398
        ],
        [
          0.8515429745349234
        ]
      ],
      "depth_z_path": "gt/depth_z/frame_000052.npy",
      "depth_z_foreground_path": "gt/depth_z_foreground/frame_000052.npy"
    },
    {
      "frame_id": 53,
      "image_name": "frame_000053.png",
      "R": [
        [
          0.9719634958260215,
          -0.23513179874627674,
          0.0
        ],
        [
          -0.06604875424885415,
          -0.27302550491668287,
          -0.9597367533481068
        ],
        [
          0.2256646291376521,
          0.932829089856942,
          -0.28090098659996754
        ]
      ],
      "t": [
        [
          0.006780275143195347
        ],
        [
          0.5008293284255254
        ],
        [
          0.8520286427338636
        ]
      ],
      "depth_z_path": "gt/depth_z/frame_000053.npy",
      "depth_z_foreground_path": "gt/depth_z_foreground/frame_000053.npy"
    },
    {
      "frame_id": 54,
      "image_name": "frame_000054.png",
      "R": [
        [
          0.9786552733981568,
          -0.20550877317034139,
          0.0
        ],
        [
          -0.05763721435604,
          -0.27447472389299943,
          -0.9598653954931065
        ],
        [
          0.1972607598364528,
          0.9393773310517359,
          -0.2804610891636527
        ]
      ],
      "t": [
        [
          0.005968802233009773
        ],
        [
          0.5010068165427967
        ],
        [
          0.8525278661914047
        ]
      ],
      "depth_z_path": "gt/depth_z/frame_000054.npy",
      "depth_z_foreground_path": "gt/depth_z_foreground/frame_000054.npy"
    },
    {
      "frame_id": 55,
      "image_name": "frame_000055.png",
      "R": [
        [
          0.9844392113498474,
          -0.17572546530565958,
          0.0
        ],
        [
          -0.04921040966572842,
          -0.27568375930754946,
          -0.9599879168169714
        ],
        [
          0.1686943233704731,
