[
    {
        "reference": {
            "image_id": 8,
            "frame_index": 0,
            "image_name": "frame_000000.png",
            "image_path": "workspace\\dense\\images\\frame_000000.png",
            "R": [
                [
                    0.9030947468841909,
                    0.17540664167334086,
                    -0.3919851887598043
                ],
                [
                    -0.14527430628085425,
                    0.9837491102511333,
                    0.10551333571980395
                ],
                [
                    0.40412282054444265,
                    -0.03834316284533274,
                    0.9139007319059442
                ]
            ],
            "t": [
                [
                    6.571289302606867
                ],
                [
                    -2.6084476021219354
                ],
                [
                    0.5920090518094916
                ]
            ]
        },
        "comparisons": [
            {
                "image_id": 5,
                "frame_index": 1,
                "image_name": "frame_000003.png",
                "image_path": "workspace\\dense\\images\\frame_000003.png",
                "R": [
                    [
                        0.9065630266960226,
                        0.1749935241135595,
                        -0.3840842943236077
                    ],
                    [
                        -0.14967806501126635,
                        0.9841503981186367,
                        0.09510242235301952
                    ],
                    [
                        0.39463901920898514,
                        -0.028727345878901564,
                        0.9183870557213468
                    ]
                ],
                "t": [
                    [
                        6.567345508054908
                    ],
                    [
                        -2.5769281823011907
                    ],
                    [
                        0.510353039422363
                    ]
                ]
            },
            {
                "image_id": 7,
                "frame_index": 2,
                "image_name": "frame_000006.png",
                "image_path": "workspace\\dense\\images\\frame_000006.png",
                "R": [
                    [
                        0.9107224897967534,
                        0.17405059049216004,
                        -0.37455431986259713
                    ],
                    [
                        -0.1535646055422656,
                        0.9845516449143772,
                        0.08411878756284144
                    ],
                    [
                        0.38340899637730297,
                        -0.019090585264063847,
                        0.9233813356632377
                    ]
                ],
                "t": [
                    [
                        6.53302268363836
                    ],
                    [
                        -2.5134941887037847
                    ],
                    [
                        0.446067304464961
                    ]
                ]
            },
            {
                "image_id": 1,
                "frame_index": 3,
                "image_name": "frame_000009.png",
                "image_path": "workspace\\dense\\images\\frame_000009.png",
                "R": [
                    [
                        0.9166153554841465,
                        0.1732564225615617,
                        -0.3602755919179667
                    ],
                    [
                        -0.160189406272366,
                        0.9848726303268324,
                        0.06607008514610462
                    ],
                    [
                        0.36627263644555624,
                        -0.0028485214193001845,
                        0.9305032196166465
                    ]
                ],
                "t": [
                    [
                        6.452552505033154
                    ],
                    [
                        -2.4119553891260423
                    ],
                    [
                        0.2956513426761107
                    ]
                ]
            }
        ]
    },
    {
        "reference": {
            "image_id": 61,
            "frame_index": 61,
            "image_name": "frame_000183.png",
            "image_path": "workspace\\dense\\images\\frame_000183.png",
            "R": [
                [
                    0.9306787418995518,
                    0.06658471986607971,
                    -0.35972705549711326
                ],
                [
                    -0.053692805200237316,
                    0.9975100971376878,
                    0.045724050324639276
                ],
                [
                    0.3618758931539885,
                    -0.023239646914625614,
                    0.9319365626292847
                ]
            ],
            "t": [
                [
                    1.0046892352776078
                ],
                [
                    -0.5142515689990089
                ],
                [
                    0.14491177213007334
                ]
            ]
        },
        "comparisons": [
            {
                "image_id": 67,
                "frame_index": 66,
                "image_name": "frame_000198.png",
                "image_path": "workspace\\dense\\images\\frame_000198.png",
                "R": [
                    [
                        0.8800314362025471,
                        0.12719532477776152,
                        -0.45756531845187093
                    ],
                    [
                        -0.09143313217712158,
                        0.990819923430145,
                        0.0995784197211553
                    ],
                    [
                        0.4660307432300613,
                        -0.0457955094803117,
                        0.8835825471770452
                    ]
                ],
                "t": [
                    [
                        0.5817722754463945
                    ],
                    [
                        -0.655727321990766
                    ],
                    [
                        0.20294196665868114
                    ]
                ]
            },
            {
                "image_id": 62,
                "frame_index": 62,
                "image_name": "frame_000186.png",
                "image_path": "workspace\\dense\\images\\frame_000186.png",
                "R": [
                    [
                        0.9151304861037268,
                        0.08566789685590853,
                        -0.3939507645021673
                    ],
                    [
                        -0.06295428804387418,
                        0.9955409999651745,
                        0.0702486655049701
                    ],
                    [
                        0.39821219346027764,
                        -0.0394858055081275,
                        0.9164430806891002
                    ]
                ],
                "t": [
                    [
                        0.8679249839711712
                    ],
                    [
                        -0.5166920935931729
                    ],
                    [
                        0.2014278452453164
                    ]
                ]
            },
            {
                "image_id": 68,
                "frame_index": 65,
                "image_name": "frame_000195.png",
                "image_path": "workspace\\dense\\images\\frame_000195.png",
                "R": [
                    [
                        0.8850017771269448,
                        0.12272936312058881,
                        -0.4491206496145152
                    ],
                    [
                        -0.08319549292671992,
                        0.9907925352553913,
                        0.10681133853142263
                    ],
                    [
                        0.45809427461913294,
                        -0.05716341058936852,
                        0.8870636843265323
                    ]
                ],
                "t": [
                    [
                        0.6283131381360353
                    ],
                    [
                        -0.602203005231349
                    ],
                    [
                        0.19181295157976935
                    ]
                ]
            },
            {
                "image_id": 64,
                "frame_index": 63,
                "image_name": "frame_000189.png",
                "image_path": "workspace\\dense\\images\\frame_000189.png",
                "R": [
                    [
                        0.901943315164611,
                        0.10402015417652684,
                        -0.41913967093913074
                    ],
                    [
                        -0.07083787764015699,
                        0.9930474669674203,
                        0.09401448527236839
                    ],
                    [
                        0.4260049897845204,
                        -0.05510477179593264,
                        0.9030410914260817
                    ]
                ],
                "t": [
                    [
                        0.7401560982584728
                    ],
                    [
                        -0.539722145856908
                    ],
                    [
                        0.17432021865639047
                    ]
                ]
            }
        ]
    },
    {
        "reference": {
            "image_id": 123,
            "frame_index": 122,
            "image_name": "frame_000366.png",
            "image_path": "workspace\\dense\\images\\frame_000366.png",
            "R": [
                [
                    0.8947901003592219,
                    -0.07951059602660493,
                    -0.4393503629435483
                ],
                [
                    0.0016484428212439964,
                    0.9845975364020035,
                    -0.17482841287207987
                ],
                [
                    0.4464839962813882,
                    0.1557104891476466,
                    0.8811391970818243
                ]
            ],
            "t": [
                [
                    -5.360736859081413
                ],
                [
                    2.012955324003674
                ],
                [
                    -1.6162796106028012
                ]
            ]
        },
        "comparisons": [
            {
                "image_id": 124,
                "frame_index": 123,
                "image_name": "frame_000369.png",
                "image_path": "workspace\\dense\\images\\frame_000369.png",
                "R": [
                    [
                        0.899168003729349,
                        -0.08710022836726686,
                        -0.42884781833157004
                    ],
                    [
                        0.019331789339842406,
                        0.9869410715047958,
                        -0.15991748903070438
                    ],
                    [
                        0.43717637515114804,
                        0.1355022936903116,
                        0.8891096363297202
                    ]
                ],
                "t": [
                    [
                        -5.134026137926293
                    ],
                    [
                        1.9232460407197922
                    ],
                    [
                        -1.6192659237577005
                    ]
                ]
            }
        ]
    }
]