{
  "width": 640,
  "height": 480,
  "camera_model": "PINHOLE",
  "intrinsics_path": "K.npy",
  "pose_convention": "world_to_camera",
  "depth_convention": "z_depth_m",
  "frames": [
    {
      "frame_id": 0,
      "image_name": "frame_000000.png",
      "R": [
        [
          0.9285895492844701,
          0.37110840594045363,
          -0.0
        ],
        [
          0.051167522842777466,
          -0.12803166464033525,
          -0.9904492806073205
        ],
        [
          -0.3675640536910517,
          0.9197208510682793,
          -0.1378775636006142
        ]
      ],
      "t": [
        [
          0.27842952858734055
        ],
        [
          0.6418403500781068
        ],
        [
          0.46628099105822945
        ]
      ],
      "depth_z_path": "gt/depth_z/frame_000000.npy",
      "depth_z_foreground_path": "gt/depth_z_foreground/frame_000000.npy"
    },
    {
      "frame_id": 1,
      "image_name": "frame_000001.png",
      "R": [
        [
          0.9291500210232253,
          0.3697029056317247,
          -0.0
        ],
        [
          0.05180519591501372,
          -0.13019859498073902,
          -0.9901336008545759
        ],
        [
          -0.36605526919953907,
          0.919982656049831,
          -0.1401265587201494
        ]
      ],
      "t": [
        [
          0.27686959152186624
        ],
        [
          0.638328665964987
        ],
        [
          0.46740263184881886
        ]
      ],
      "depth_z_path": "gt/depth_z/frame_000001.npy",
      "depth_z_foreground_path": "gt/depth_z_foreground/frame_000001.npy"
    },
    {
      "frame_id": 2,
      "image_name": "frame_000002.png",
      "R": [
        [
          0.9312343127750204,
          0.3644209855516495,
          -0.0
        ],
        [
          0.05340496127914531,
          -0.13647000141958857,
          -0.9892036437575988
        ],
        [
          -0.3604865667694269,
          0.9211803753891536,
          -0.1465474366090704
        ]
      ],
      "t": [
        [
          0.27235818560362424
        ],
        [
          0.627843783335267
        ],
        [
          0.47214996921708824
        ]
      ],
      "depth_z_path": "gt/depth_z/frame_000002.npy",
      "depth_z_foreground_path": "gt/depth_z_foreground/frame_000002.npy"
    },
    {
      "frame_id": 3,
      "image_name": "frame_000003.png",
      "R": [
        [
          0.9346773836446346,
          0.3554971005552936,
          -0.0
        ],
        [
          0.055908128987859226,
          -0.14699434579132714,
          -0.9875560457100431
        ],
        [
          -0.35107331088577126,
          0.9230463010067042,
          -0.15726746828744764
        ]
      ],
      "t": [
        [
          0.2651024604347777
        ],
        [
          0.6107161641368485
        ],
        [
          0.4802500508378989
        ]
      ],
      "depth_z_path": "gt/depth_z/frame_000003.npy",
      "depth_z_foreground_path": "gt/depth_z_foreground/frame_000003.npy"
    },
    {
      "frame_id": 4,
      "image_name": "frame_000004.png",
      "R": [
        [
          0.9392076188036698,
          0.34334974702355686,
          -0.0
        ],
        [
          0.05911029150300369,
          -0.16169179272911463,
          -0.9850694075051134
        ],
        [
          -0.3382233318675257,
          0.9251846925792193,
          -0.17215766726325327
        ]
      ],
      "t": [
        [
          0.2554506981392358
        ],
        [
          0.5876351925251009
        ],
        [
          0.49107455696486335
        ]
      ],
      "depth_z_path": "gt/depth_z/frame_000004.npy",
      "depth_z_foreground_path": "gt/depth_z_foreground/frame_000004.npy"
    },
    {
      "frame_id": 5,
      "image_name": "frame_000005.png",
      "R": [
        [
          0.9444706441507613,
          0.328595803895068,
          -0.0
        ],
        [
          0.06261120967812002,
          -0.17996106108109666,
          -0.9816790987472477
        ],
        [
          -0.3225756326198376,
          0.9271670907431517,
          -0.19054172005834236
        ]
      ],
      "t": [
        [
          0.2438966035581021
        ],
        [
          0.5597833853865238
        ],
        [
          0.5035709908088863
        ]
      ],
      "depth_z_path": "gt/depth_z/frame_000005.npy",
      "depth_z_foreground_path": "gt/depth_z_foreground/frame_000005.npy"
    },
    {
      "frame_id": 6,
      "image_name": "frame_000006.png",
      "R": [
        [
          0.9500647259751311,
          0.31205290650432826,
          -0.0
        ],
        [
          0.06587232765342636,
          -0.20055244997542915,
          -0.9774658824012082
        ],
        [
          -0.30502106961211495,
          0.9286558557135436,
          -0.2110934597320044
        ]
      ],
      "t": [
        [
          0.23107522940848557
        ],
        [
          0.5288915792922548
        ],
        [
          0.5163823331041599
        ]
      ],
      "depth_z_path": "gt/depth_z/frame_000006.npy",
      "depth_z_foreground_path": "gt/depth_z_foreground/frame_000006.npy"
    },
    {
      "frame_id": 7,
      "image_name": "frame_000007.png",
      "R": [
        [
          0.9555841038010282,
          0.29471854465368424,
          -0.0
        ],
        [
          0.06838102000502005,
          -0.22171599617282656,
          -0.9727106728848842
        ],
        [
          -0.28667587388173904,
          0.9295068566063973,
          -0.23202143619897667
        ]
      ],
      "t": [
        [
          0.21774345381619442
        ],
        [
          0.4971324750158998
        ],
        [
          0.5281498274836651
        ]
      ],
      "depth_z_path": "gt/depth_z/frame_000007.npy",
      "depth_z_foreground_path": "gt/depth_z_foreground/frame_000007.npy"
    },
    {
      "frame_id": 8,
      "image_name": "frame_000008.png",
      "R": [
        [
          0.9606623066444356,
          0.27771916137096536,
          -0.0
        ],
        [
          0.0698393054302171,
          -0.24158213613290805,
          -0.9678639072299814
        ],
        [
          -0.26879435263713625,
          0.92979037363745,
          -0.2514745654763401
        ]
      ],
      "t": [
        [
          0.20474070453046114
        ],
        [
          0.4668422833054166
        ],
        [
          0.5378565228384113
        ]
      ],
      "depth_z_path": "gt/depth_z/frame_000008.npy",
      "depth_z_foreground_path": "gt/depth_z_foreground/frame_000008.npy"
    },
    {
      "frame_id": 9,
      "image_name": "frame_000009.png",
      "R": [
        [
          0.9650053087167088,
          0.26223034559060776,
          -0.0
        ],
        [
          0.07027000002367176,
          -0.25859296685759037,
          -0.9634271143103988
        ],
        [
          -0.25263982513697786,
          0.9297122798711543,
          -0.2679705122052381
        ]
      ],
      "t": [
        [
          0.19293072338292655
        ],
        [
          0.44016634088100354
        ],
        [
          0.5450324628550449
        ]
      ],
      "depth_z_path": "gt/depth_z/frame_000009.npy",
      "depth_z_foreground_path": "gt/depth_z_foreground/frame_000009.npy"
    },
    {
      "frame_id": 10,
      "image_name": "frame_000010.png",
      "R": [
        [
          0.968406336701539,
          0.24937755920753094,
          -0.0
        ],
        [
          0.06998617435401872,
          -0.27177687896739877,
          -0.9598120979952425
        ],
        [
          -0.23935559829591305,
          0.9294881177413912,
          -0.28064343309967404
        ]
      ],
      "t": [
        [
          0.18313081220235042
        ],
        [
          0.418779767093433
        ],
        [
          0.5497349817391415
        ]
      ],
      "depth_z_path": "gt/depth_z/frame_000010.npy",
      "depth_z_foreground_path": "gt/depth_z_foreground/frame_000010.npy"
    },
    {
      "frame_id": 11,
      "image_name": "frame_000011.png",
      "R": [
        [
          0.9707401579694627,
          0.24013235039332487,
          -0.0
        ],
        [
          0.06945191366568448,
          -0.2807608451450953,
          -0.9572616045374358
        ],
        [
          -0.22986947903885993,
          0.9292522812067718,
          -0.2892234784356448
        ]
      ],
      "t": [
        [
          0.1760388216827105
        ],
        [
          0.4037862641947491
        ],
        [
          0.5523507868766316
        ]
      ],
      "depth_z_path": "gt/depth_z/frame_000011.npy",
      "depth_z_foreground_path": "gt/depth_z_foreground/frame_000011.npy"
    },
    {
      "frame_id": 12,
      "image_name": "frame_000012.png",
      "R": [
        [
          0.9719422376148837,
          0.23521965636437092,
          -0.0
        ],
        [
          0.06910846652288245,
          -0.2855604783570201,
          -0.955865698231381
        ],
        [
          -0.2248384010684749,
          0.9290462455983217,
          -0.2938039600560797
        ]
      ],
      "t": [
        [
          0.172168637533572
        ],
        [
          0.39578917913853623
        ],
        [
          0.55333574741905
        ]
      ],
      "depth_z_path": "gt/depth_z/frame_000012.npy",
      "depth_z_foreground_path": "gt/depth_z_foreground/frame_000012.npy"
    },
    {
      "frame_id": 13,
      "image_name": "frame_000013.png",
      "R": [
        [
          0.9721525467917701,
          0.2343489401859444,
          -0.0
        ],
        [
          0.06902711996722154,
          -0.2863460377528954,
          -0.9556365435521228
        ],
        [
          -0.22395241118439907,
          0.9290244996214805,
          -0.294548462273616
        ]
      ],
      "t": [
        [
          0.17128857061682617
        ],
        [
          0.39498641152118064
        ],
        [
          0.5531656409166906
        ]
      ],
      "depth_z_path": "gt/depth_z/frame_000013.npy",
      "depth_z_foreground_path": "gt/depth_z_foreground/frame_000013.npy"
    },
    {
      "frame_id": 14,
      "image_name": "frame_000014.png",
      "R": [
        [
          0.9729115371210105,
          0.23117772586655624,
          -0.0
        ],
        [
          0.06739584188944514,
          -0.2836354232763499,
          -0.9565608956877021
        ],
        [
          -0.2211355725179591,
          0.9306491313733728,
          -0.2915325931026259
        ]
      ],
      "t": [
        [
          0.16873133667086465
        ],
        [
          0.4008931372878396
        ],
        [
          0.5534403208262254
        ]
      ],
      "depth_z_path": "gt/depth_z/frame_000014.npy",
      "depth_z_foreground_path": "gt/depth_z_foreground/frame_000014.npy"
    },
    {
      "frame_id": 15,
      "image_name": "frame_000015.png",
      "R": [
        [
          0.974519672391528,
          0.22430204662889042,
          -0.0
        ],
        [
          0.0638360558745947,
          -0.2773469667024636,
          -0.9586467639497451
        ],
        [
          -0.2150264311480906,
          0.934220130343504,
          -0.28459863311105665
        ]
      ],
      "t": [
        [
          0.16347716133870122
        ],
        [
          0.4132655054227135
        ],
        [
          0.554202446108139
        ]
      ],
      "depth_z_path": "gt/depth_z/frame_000015.npy",
      "depth_z_foreground_path": "gt/depth_z_foreground/frame_000015.npy"
    },
    {
      "frame_id": 16,
      "image_name": "frame_000016.png",
      "R": [
        [
          0.9768141151913943,
          0.21408919721194167,
          -0.0
        ],
        [
          0.05856739861653906,
          -0.26722255211242957,
          -0.9618534022717866
        ],
        [
          -0.20592242272794156,
          0.9395519800839474,
          -0.2735654081534957
        ]
      ],
      "t": [
        [
          0.1558088354386507
        ],
        [
          0.43175624981920074
        ],
        [
          0.5548176437072901
        ]
      ],
      "depth_z_path": "gt/depth_z/frame_000016.npy",
      "depth_z_foreground_path": "gt/depth_z_foreground/frame_000016.npy"
    },
    {
      "frame_id": 17,
      "image_name": "frame_000017.png",
      "R": [
        [
          0.9795698481152131,
          0.20110423333072422,
          -0.0
        ],
        [
          0.05199409156897778,
          -0.25326092612557055,
          -0.9659997503829569
        ],
        [
          -0.1942666391984355,
          0.9462642287619668,
          -0.2585429988610501
        ]
      ],
      "t": [
        [
          0.14615143888139692
        ],
        [
          0.45561894197104996
        ],
        [
          0.5545513273597503
        ]
      ],
      "depth_z_path": "gt/depth_z/frame_000017.npy",
      "depth_z_foreground_path": "gt/depth_z_foreground/frame_000017.npy"
    },
    {
      "frame_id": 18,
      "image_name": "frame_000018.png",
      "R": [
        [
          0.9825315137785916,
          0.18609627731889042,
          -0.0
        ],
        [
          0.04470118782651587,
          -0.23600862078303103,
          -0.9707222747639975
        ],
        [
          -0.18064780164410504,
          0.9537652260824685,
          -0.2402046320889962
        ]
      ],
      "t": [
        [
          0.13506013815851065
        ],
        [
          0.4835652317664384
        ],
        [
          0.5528235752639394
        ]
      ],
      "depth_z_path": "gt/depth_z/frame_000018.npy",
      "depth_z_foreground_path": "gt/depth_z_foreground/frame_000018.npy"
    },
    {
      "frame_id": 19,
      "image_name": "frame_000019.png",
      "R": [
        [
          0.985449434263886,
          0.16996885746802862,
          -0.0
        ],
        [
          0.03737243694899472,
          -0.216678792792245,
          -0.9755273454448055
        ],
        [
          -0.16580926833407245,
          0.961332870677534,
          -0.2198781441831162
        ]
      ],
      "t": [
        [
          0.12319703622492945
        ],
        [
          0.5137560767786348
        ],
        [
          0.549446849307742
        ]
      ],
      "depth_z_path": "gt/depth_z/frame_000019.npy",
      "depth_z_foreground_path": "gt/depth_z_foreground/frame_000019.npy"
    },
    {
      "frame_id": 20,
      "image_name": "frame_000020.png",
      "R": [
        [
          0.9881127151576323,
          0.1537311358957967,
          -0.0
        ],
        [
          0.030649055095784906,
          -0.19699796577473888,
          -0.9799247098131317
        ],
        [
          -0.1506449387319317,
          0.9682760656635084,
          -0.1993679088962154
        ]
      ],
      "t": [
        [
          0.11129515661374492
        ],
        [
          0.543985180494629
        ],
        [
          0.544735197925621
        ]
      ],
      "depth_z_path": "gt/depth_z/frame_000020.npy",
      "depth_z_foreground_path": "gt/depth_z_foreground/frame_000020.npy"
    },
    {
      "frame_id": 21,
      "image_name": "frame_000021.png",
      "R": [
        [
          0.9903719748436696,
          0.13843175735448132,
          -0.0
        ],
        [
          0.024994206820305565,
          -0.17881418571383767,
          -0.9835653392698022
        ],
        [
          -0.13615667838807535,
          0.9740955474404178,
          -0.18055255020929234
        ]
      ],
      "t": [
        [
          0.10011088852487082
        ],
        [
          0.5720093730304328
        ],
        [
          0.5394075400038473
        ]
      ],
      "depth_z_path": "gt/depth_z/frame_000021.npy",
      "depth_z_foreground_path": "gt/depth_z_foreground/frame_000021.npy"
    },
    {
      "frame_id": 22,
      "image_name": "frame_000022.png",
      "R": [
        [
          0.9921463961428609,
          0.12508208752948288,
          -0.0
        ],
        [
          0.020631270805377067,
          -0.16364646114958312,
          -0.9863032933221775
        ],
        [
          -0.12336887486594182,
          0.9785572579734334,
          -0.16494184909181422
        ]
      ],
      "t": [
        [
          0.09036959098884662
        ],
        [
          0.5958888150667011
        ],
        [
          0.5343207025870699
        ]
      ],
      "depth_z_path": "gt/depth_z/frame_000022.npy",
      "depth_z_foreground_path": "gt/depth_z_foreground/frame_000022.npy"
    },
    {
      "frame_id": 23,
      "image_name": "frame_000023.png",
      "R": [
        [
          0.9934141806062915,
          0.11457864447762785,
          -0.0
        ],
        [
          0.017577911143420135,
          -0.15240314872742713,
          -0.9881620804796144
        ],
        [
          -0.11322227170554679,
          0.9816542234858642,
          -0.15341350234643705
        ]
      ],
      "t": [
        [
          0.0827110872304691
        ],
        [
          0.6141969079587232
        ],
        [
          0.5301826429479428
        ]
      ],
      "depth_z_path": "gt/depth_z/frame_000023.npy",
      "depth_z_foreground_path": "gt/depth_z_foreground/frame_000023.npy"
    },
    {
      "frame_id": 24,
      "image_name": "frame_000024.png",
      "R": [
        [
          0.994190545470316,
          0.10763437786058663,
          -0.0
        ],
        [
          0.015740855638800105,
          -0.14539415904812553,
          -0.9892485855326996
        ],
        [
          -0.10647715605327746,
          0.9835015908564932,
          -0.14624375549592938
        ]
      ],
      "t": [
        [
          0.07764165807832625
        ],
        [
          0.6260470413765501
        ],
        [
          0.5274049072567375
        ]
      ],
      "depth_z_path": "gt/depth_z/frame_000024.npy",
      "depth_z_foreground_path": "gt/depth_z_foreground/frame_000024.npy"
    },
    {
      "frame_id": 25,
      "image_name": "frame_000025.png",
      "R": [
        [
          0.9945011508523639,
          0.10472564611079603,
          -0.0
        ],
        [
          0.015014585533051123,
          -0.1425822914130608,
          -0.9896690620589651
        ],
        [
          -0.10364373195999062,
          0.9842270211806203,
          -0.14337066507249066
        ]
      ],
      "t": [
        [
          0.0754972155840951
        ],
        [
          0.6309860690253809
        ],
        [
          0.5261408430710107
        ]
      ],
      "depth_z_path": "gt/depth_z/frame_000025.npy",
      "depth_z_foreground_path": "gt/depth_z_foreground/frame_000025.npy"
    },
    {
      "frame_id": 26,
      "image_name": "frame_000026.png",
      "R": [
        [
          0.99464749256695,
          0.10332649965173071,
          -0.0
        ],
        [
          0.014952879394774438,
          -0.14394026747057512,
          -0.989473400753302
        ],
        [
          -0.10223882299833288,
          0.9841772370209648,
          -0.1447148548066002
        ]
      ],
      "t": [
        [
          0.07444995300662316
        ],
        [
          0.6288098191829743
        ],
        [
          0.5267130932460476
        ]
      ],
      "depth_z_path": "gt/depth_z/frame_000026.npy",
      "depth_z_foreground_path": "gt/depth_z_foreground/frame_000026.npy"
    },
    {
      "frame_id": 27,
      "image_name": "frame_000027.png",
      "R": [
        [
          0.9951959096863086,
          0.09790353080272728,
          -0.0
        ],
        [
          0.014719662564293344,
          -0.14962635010033107,
          -0.988633039549886
        ],
        [
          -0.09679066524016616,
          0.9838835571407891,
          -0.1503486385384101
        ]
      ],
      "t": [
        [
          0.07050962532670321
        ],
        [
          0.619479393565548
        ],
        [
          0.529700264712539
        ]
      ],
      "depth_z_path": "gt/depth_z/frame_000027.npy",
      "depth_z_foreground_path": "gt/depth_z_foreground/frame_000027.npy"
    },
    {
      "frame_id": 28,
      "image_name": "frame_000028.png",
      "R": [
        [
          0.9960675327065722,
          0.08859723634426471,
          -0.0
        ],
        [
          0.014210458390667662,
          -0.15976318011569707,
          -0.9870530832491464
        ],
        [
          -0.08745017530095982,
          0.9831715292823922,
          -0.1603939239757964
        ]
      ],
      "t": [
        [
          0.06378130297129755
        ],
        [
          0.603289464635275
        ],
        [
          0.534963090637343
        ]
      ],
      "depth_z_path": "gt/depth_z/frame_000028.npy",
      "depth_z_foreground_path": "gt/depth_z_foreground/frame_000028.npy"
    },
    {
      "frame_id": 29,
      "image_name": "frame_000029.png",
      "R": [
        [
          0.9971113238024426,
          0.07595398570806186,
          -0.0
        ],
        [
          0.013274062323173708,
          -0.17425968804545572,
          -0.9846102581182774
        ],
        [
          -0.07478507347312674,
          0.9817660379017803,
          -0.1747645261723873
        ]
      ],
      "t": [
        [
          0.054661087484562554
        ],
        [
          0.5809036240764786
        ],
        [
          0.5420769798646186
        ]
      ],
      "depth_z_path": "gt/depth_z/frame_000029.npy",
      "depth_z_foreground_path": "gt/depth_z_foreground/frame_000029.npy"
    },
    {
      "frame_id": 30,
      "image_name": "frame_000030.png",
      "R": [
        [
          0.9981540434060626,
          0.06073306868690296,
          -0.0
        ],
        [
          0.011712541712327214,
          -0.19249679164067524,
          -0.9812277011859599
        ],
        [
          -0.0595929693736188,
          0.9794163974408017,
          -0.19285278951914733
        ]
      ],
      "t": [
        [
          0.04369630505639989
        ],
        [
          0.553498322006433
        ],
        [
          0.5502611401227213
        ]
      ],
      "depth_z_path": "gt/depth_z/frame_000030.npy",
      "depth_z_foreground_path": "gt/depth_z_foreground/frame_000030.npy"
    },
    {
      "frame_id": 31,
      "image_name": "frame_000031.png",
      "R": [
        [
          0.9990373040888607,
          0.043868725065372594,
          -0.0
        ],
        [
          0.00936078613797253,
          -0.21317634678228198,
          -0.9769688945178548
        ],
        [
          -0.04285837983102477,
          0.9760283705577922,
          -0.21338176853836555
        ]
      ],
      "t": [
        [
          0.03155795296159489
        ],
        [
          0.5228232913565862
        ],
        [
          0.5584610353697712
        ]
      ],
      "depth_z_path": "gt/depth_z/frame_000031.npy",
      "depth_z_foreground_path": "gt/depth_z_foreground/frame_000031.npy"
    },
    {
      "frame_id": 32,
      "image_name": "frame_000032.png",
      "R": [
        [
          0.9996510825934095,
          0.026414258835416208,
          -0.0
        ],
        [
          0.006195489765675429,
          -0.2344691210169344,
          -0.972103825317085
        ],
        [
          -0.025677402056823704,
          0.9717646413714186,
          -0.23455095992958633
        ]
      ],
      "t": [
        [
          0.019000830190455696
        ],
        [
          0.49108575911519214
        ],
        [
          0.5656176324045129
        ]
      ],
      "depth_z_path": "gt/depth_z/frame_000032.npy",
      "depth_z_foreground_path": "gt/depth_z_foreground/frame_000032.npy"
    },
    {
      "frame_id": 33,
      "image_name": "frame_000033.png",
      "R": [
        [
          0.9999551476973215,
          0.009471145317642074,
          -0.0
        ],
        [
          0.0024097876436636237,
          -0.2544232485431604,
          -0.9670899666133745
        ],
        [
          -0.009159449609028892,
          0.9670465904014746,
          -0.25443466052356606
        ]
      ],
      "t": [
        [
          0.00681340417919225
        ],
        [
          0.46065207376509865
        ],
        [
          0.5709942156224486
        ]
      ],
      "depth_z_path": "gt/depth_z/frame_000033.npy",
      "depth_z_foreground_path": "gt/depth_z_foreground/frame_000033.npy"
    },
    {
      "frame_id": 34,
      "image_name": "frame_000034.png",
      "R": [
        [
          0.9999826582936115,
          -0.005889236966047735,
          0.0
        ],
        [
          -0.0015985640593077824,
          -0.2714335230005187,
          -0.962455862460443
        ],
        [
          0.005668130643391394,
          0.9624391718334643,
          -0.2714382302026095
        ]
      ],
      "t": [
        [
          -0.004237348057033677
        ],
        [
          0.4336739299590099
        ],
        [
          0.574379260502596
        ]
      ],
      "depth_z_path": "gt/depth_z/frame_000034.npy",
      "depth_z_foreground_path": "gt/depth_z_foreground/frame_000034.npy"
    },
    {
      "frame_id": 35,
      "image_name": "frame_000035.png",
      "R": [
        [
          0.9998251178264268,
          -0.018701170107022335,
          0.0
        ],
        [
          -0.005322179104228049,
          -0.2845409308361948,
          -0.9586491188586439
        ],
        [
          0.017927860244722572,
          0.9584814682170438,
          -0.2845907006765078
        ]
      ],
      "t": [
        [
          -0.013459229022253077
        ],
        [
          0.41180119882843724
        ],
        [
          0.5760679732645961
        ]
      ],
      "depth_z_path": "gt/depth_z/frame_000035.npy",
      "depth_z_foreground_path": "gt/depth_z_foreground/frame_000035.npy"
    },
    {
      "frame_id": 36,
      "image_name": "frame_000036.png",
      "R": [
        [
          0.9996031905577725,
          -0.028168447360862523,
          0.0
        ],
        [
          -0.008269185777023978,
          -0.2934455129931243,
          -0.955940035499501
        ],
        [
          0.026927346570108743,
          0.9555607094672114,
          -0.2935620011670666
        ]
      ],
      "t": [
        [
          -0.02028006342215611
        ],
        [
          0.39608820127847044
        ],
        [
          0.5766615594107192
        ]
      ],
      "depth_z_path": "gt/depth_z/frame_000036.npy",
      "depth_z_foreground_path": "gt/depth_z_foreground/frame_000036.npy"
    },
    {
      "frame_id": 37,
      "image_name": "frame_000037.png",
      "R": [
        [
          0.9994316091001507,
          -0.03371140358222356,
          0.0
        ],
        [
          -0.010061000478379153,
          -0.29827538544156423,
          -0.9544268283682413
        ],
        [
          0.0321750680008234,
          0.9538843408444247,
          -0.2984450188743978
        ]
      ],
      "t": [
        [
          -0.02428135163821797
        ],
        [
          0.3870840037201333
        ],
        [
          0.5767991827730132
        ]
      ],
      "depth_z_path": "gt/depth_z/frame_000037.npy",
      "depth_z_foreground_path": "gt/depth_z_foreground/frame_000037.npy"
    },
    {
      "frame_id": 38,
      "image_name": "frame_000038.png",
      "R": [
        [
          0.9993813165095399,
          -0.03517078633836434,
          0.0
        ],
        [
          -0.010531636250445177,
          -0.2992574689605015,
          -0.9541142761269443
        ],
        [
          0.033556949348043916,
          0.9535239813762922,
          -0.29944272923341647
        ]
      ],
      "t": [
        [
          -0.025345422959189467
        ],
        [
          0.3850114244843962
        ],
        [
          0.5769201682478995
        ]
      ],
      "depth_z_path": "gt/depth_z/frame_000038.npy",
      "depth_z_foreground_path": "gt/depth_z_foreground/frame_000038.npy"
    },
    {
      "frame_id": 39,
      "image_name": "frame_000039.png",
      "R": [
        [
          0.9992711278798369,
          -0.038173459179891386,
          0.0
        ],
        [
          -0.011322631010713567,
          -0.2963938428352606,
          -0.9549986847929908
        ],
        [
          0.03645560331079519,
          0.9543026128768526,
          -0.29661003361932636
        ]
      ],
      "t": [
        [
          -0.027525644093479358
        ],
        [
          0.3899781591537824
        ],
        [
          0.5769378208792488
        ]
      ],
      "depth_z_path": "gt/depth_z/frame_000039.npy",
      "depth_z_foreground_path": "gt/depth_z_foreground/frame_000039.npy"
    },
    {
      "frame_id": 40,
      "image_name": "frame_000040.png",
      "R": [
        [
          0.9989734800900197,
          -0.04529885293067555,
          0.0
        ],
        [
          -0.013128094633472406,
          -0.28951325551270335,
          -0.9570839712448072
        ],
        [
          0.04335480605572543,
          0.9561015054928014,
          -0.289810752019778
        ]
      ],
      "t": [
        [
          -0.03268603644720172
        ],
        [
          0.40190561171245476
        ],
        [
          0.5765117732232917
        ]
      ],
      "depth_z_path": "gt/depth_z/frame_000040.npy",
      "depth_z_foreground_path": "gt/depth_z_foreground/frame_000040.npy"
    },
    {
      "frame_id": 41,
      "image_name": "frame_000041.png",
      "R": [
        [
          0.9984262094230394,
          -0.056081229811238816,
          0.0
        ],
        [
          -0.015639072524992807,
          -0.27842577547918523,
          -0.9603304155130006
        ],
        [
          0.05385651072710705,
          0.9588190565542977,
          -0.2788646500376619
        ]
      ],
      "t": [
        [
          -0.040498004325335527
        ],
        [
          0.4204374397389785
        ],
        [
          0.5751255791284355
        ]
      ],
      "depth_z_path": "gt/depth_z/frame_000041.npy",
      "depth_z_foreground_path": "gt/depth_z_foreground/frame_000041.npy"
    },
    {
      "frame_id": 42,
      "image_name": "frame_000042.png",
      "R": [
        [
          0.9975597694805958,
          -0.06981766476917252,
          0.0
        ],
        [
          -0.018420034123709128,
          -0.2631867601848719,
          -0.9645690393156273
        ],
        [
          0.06734395783366126,
          0.9622152685078169,
          -0.2638305675878515
        ]
      ],
      "t": [
        [
          -0.0504621864658944
        ],
        [
          0.44480329770624294
        ],
        [
          0.5721721778762427
        ]
      ],
      "depth_z_path": "gt/depth_z/frame_000042.npy",
      "depth_z_foreground_path": "gt/depth_z_foreground/frame_000042.npy"
    },
    {
      "frame_id": 43,
      "image_name": "frame_000043.png",
      "R": [
        [
          0.9963283945630523,
          -0.0856138434332366,
          0.0
        ],
        [
          -0.021000880446868073,
          -0.2443970818382362,
          -0.9694477961238609
        ],
        [
          0.08299815183404449,
          0.9658883663247755,
          -0.24529771827432303
        ]
      ],
      "t": [
        [
          -0.06194039268772819
        ],
        [
          0.4736694580860672
        ],
        [
          0.567208497880278
        ]
      ],
      "depth_z_path": "gt/depth_z/frame_000043.npy",
      "depth_z_foreground_path": "gt/depth_z_foreground/frame_000043.npy"
    },
    {
      "frame_id": 44,
      "image_name": "frame_000044.png",
      "R": [
        [
          0.9947385047776098,
          -0.10244660615562144,
          0.0
        ],
        [
          -0.023001010438518262,
          -0.22333576084726534,
          -0.9744701593407468
        ],
        [
          0.09983116062438716,
          0.9693429892530137,
          -0.22451705626615479
        ]
      ],
      "t": [
        [
          -0.0741994331364906
        ],
        [
          0.5051254527731035
        ],
        [
          0.5602062769831602
        ]
      ],
      "depth_z_path": "gt/depth_z/frame_000044.npy",
      "depth_z_foreground_path": "gt/depth_z_foreground/frame_000044.npy"
    },
    {
      "frame_id": 45,
      "image_name": "frame_000045.png",
      "R": [
        [
          0.9928656411988737,
          -0.11923849431601133,
          0.0
        ],
        [
          -0.024237034214574474,
          -0.20181501497693097,
          -0.9791237234907256
        ],
        [
          0.11674923853812073,
          0.972138303536648,
          -0.20326518171506236
        ]
      ],
      "t": [
        [
          -0.08646359334195033
        ],
        [
          0.5368717498188145
        ],
        [
          0.5516823247875354
        ]
      ],
      "depth_z_path": "gt/depth_z/frame_000045.npy",
      "depth_z_foreground_path": "gt/depth_z_foreground/frame_000045.npy"
    },
    {
      "frame_id": 46,
      "image_name": "frame_000046.png",
      "R": [
        [
          0.9908543466268255,
          -0.13493577646690585,
          0.0
        ],
        [
          -0.024755681489225165,
          -0.18178481088982365,
          -0.9830266724579527
        ],
        [
          0.13264546733579258,
          0.9740362512550671,
          -0.18346269712463326
        ]
      ],
      "t": [
        [
          -0.09796991143318853
        ],
        [
          0.5665637806505676
        ],
        [
          0.5426146356744135
        ]
      ],
      "depth_z_path": "gt/depth_z/frame_000046.npy",
      "depth_z_foreground_path": "gt/depth_z_foreground/frame_000046.npy"
    },
    {
      "frame_id": 47,
      "image_name": "frame_000047.png",
      "R": [
        [
          0.9889004032090064,
          -0.1485799196831944,
          0.0
        ],
        [
          -0.024770667875414126,
          -0.16486563932719692,
          -0.9860049365912124
        ],
        [
          0.1465005342859555,
          0.9750606793611206,
          -0.16671612104940375
        ]
      ],
      "t": [
        [
          -0.10801935220114908
        ],
        [
          0.5921688189020798
        ],
        [
          0.5341624296100368
        ]
      ],
      "depth_z_path": "gt/depth_z/frame_000047.npy",
      "depth_z_foreground_path": "gt/depth_z_foreground/frame_000047.npy"
    },
    {
      "frame_id": 48,
      "image_name": "frame_000048.png",
      "R": [
        [
          0.9872198386300732,
          -0.15936433169066488,
          0.0
        ],
        [
          -0.024543861485728593,
          -0.1520427232257467,
          -0.9880691317804986
        ],
        [
          0.15746297685037466,
          0.9754414488317005,
          -0.15401100877057994
        ]
      ],
      "t": [
        [
          -0.11601820150186822
        ],
        [
          0.6121872458977761
        ],
        [
          0.5273375069242691
        ]
      ],
      "depth_z_path": "gt/depth_z/frame_000048.npy",
      "depth_z_foreground_path": "gt/depth_z_foreground/frame_000048.npy"
    },
    {
      "frame_id": 49,
      "image_name": "frame_000049.png",
      "R": [
        [
          0.9860122770492494,
          -0.16667270174852894,
          0.0
        ],
        [
          -0.024283418769362044,
          -0.14365729231079968,
          -0.9893295193911892
        ],
        [
          0.16489422391650316,
          0.975491052166946,
          -0.1456952369200817
        ]
      ],
      "t": [
        [
          -0.1215070260999113
        ],
        [
          0.6256817708591419
        ],
        [
          0.5228033916355916
        ]
      ],
      "depth_z_path": "gt/depth_z/frame_000049.npy",
      "depth_z_foreground_path": "gt/depth_z_foreground/frame_000049.npy"
    },
    {
      "frame_id": 50,
      "image_name": "frame_000050.png",
      "R": [
        [
          0.9854267519196438,
          -0.1701003133480386,
          0.0
        ],
        [
          -0.024106171745044085,
          -0.1396521032582201,
          -0.9899071585453627
        ],
        [
          0.16838351785403272,
          0.9754809959473606,
          -0.14171738587994817
        ]
      ],
      "t": [
        [
          -0.12417793267381556
        ],
        [
          0.6321657899779788
        ],
        [
          0.5208748431549431
        ]
      ],
      "depth_z_path": "gt/depth_z/frame_000050.npy",
      "depth_z_foreground_path": "gt/depth_z_foreground/frame_000050.npy"
    },
    {
      "frame_id": 51,
      "image_name": "frame_000051.png",
      "R": [
        [
          0.9852830900922614,
          -0.17093048990231308,
          0.0
        ],
        [
          -0.02426207918160812,
          -0.1398522660397201,
          -0.9898750907045499
        ],
        [
          0.1691998341962253,
          0.9753071881747364,
          -0.1419412019205814
        ]
      ],
      "t": [
        [
          -0.12495864231921841
        ],
        [
          0.6314948043290695
        ],
        [
          0.5213813070621187
        ]
      ],
      "depth_z_path": "gt/depth_z/frame_000051.npy",
      "depth_z_foreground_path": "gt/depth_z_foreground/frame_000051.npy"
    },
    {
      "frame_id": 52,
      "image_name": "frame_000052.png",
      "R": [
        [
          0.98455028925746,
          -0.1751020500252693,
          0.0
        ],
        [
          -0.02562396931875334,
          -0.14407647655217157,
          -0.9892347451948214
        ],
        [
          0.17321703183983814,
          0.9739513545250911,
          -0.14633734622213446
        ]
      ],
      "t": [
        [
          -0.1282000837445694
        ],
        [
          0.6238639689160208
        ],
        [
          0.5232443022885772
        ]
      ],
      "depth_z_path": "gt/depth_z/frame_000052.npy",
      "depth_z_foreground_path": "gt/depth_z_foreground/frame_000052.npy"
    },
    {
      "frame_id": 53,
      "image_name": "frame_000053.png",
      "R": [
        [
          0.9831227892327434,
          -0.1829469357251735,
          0.0
        ],
        [
          -0.028357482694171075,
          -0.15238783514686977,
          -0.9879138630844798
        ],
        [
          0.18073581401172417,
          0.9712406325973083,
          -0.15500386809850833
        ]
      ],
      "t": [
        [
          -0.1341587071465312
        ],
        [
          0.6095580613541597
        ],
        [
          0.52630777806986
        ]
      ],
      "depth_z_path": "gt/depth_z/frame_000053.npy",
      "depth_z_foreground_path": "gt/depth_z_foreground/frame_000053.npy"
    },
    {
      "frame_id": 54,
      "image_name": "frame_000054.png",
      "R": [
        [
          0.9810229514262458,
          -0.19389164183877974,
          0.0
        ],
        [
          -0.032554975392498825,
          -0.16471663110529366,
          -0.9858035326648593
        ],
        [
          0.19113906547885873,
          0.9670958911412999,
          -0.16790293322477604
        ]
      ],
      "t": [
        [
          -0.1424277928570459
        ],
        [
          0.5891916945863762
        ],
        [
          0.5303774537961046
        ]
      ],
      "depth_z_path": "gt/depth_z/frame_000054.npy",
      "depth_z_foreground_path": "gt/depth_z_foreground/frame_000054.npy"
    },
    {
      "frame_id": 55,
      "image_name": "frame_000055.png",
      "R": [
        [
          0.9783074634826978,
          -0.2071581687842649,
          0.0
        ],
        [
          -0.038230312631501895,
          -0.18054320714538016,
